0,-624,-280,-105,-207,110,-241,-517,712,142,-645,18,-308,2585,347,238,209,1814,-64,315,497,609,546,101,-1196,1137,466,-81,462,159,-86,724,-124,0,-1630,943,1677,-2769,-1100,-305,-3728,5,-42,-32,1,-4,-25,44,6,-7,-7,1,-4,0,17,7,-2509,-4,-1,-12,-30,0,-4,6,-3,148,0,-582,247,-657,575,570,41,-868,-340,1033,-927,-1472,181,-326,489,-824,1173,258,-141,-282,136,-1469,168,324,537,947,-109,202,-1597,478,406,-482,774,0,0,0,0,0,0,0,0,-483,354,455,929,-872,37,579,257,362,947,-102,0,-569,510,-1744,0,229,378,-452,-694,284,1116,954,-203,1218,0,88,-506,-400,197,428,760,98,-672,-61,264,-3,251,-632,-249,-400,-190,-453,-535,-249,-570,-42,-633,-114,-364,-432,646,-181,-742,-1006,-74,-872,-174,0,-30,-308,-241,-124,504,900,-391,138,-28,50,40,-42,-113,-196,-106,-106,10,39,-104,-34,-26,-24,-53,-20,-42,73,-144,-186,30,42,104,-358,0,60,60,60,60,60,60,60,-64,-382,-22,-127,-22,207,97,-50,119,110,-81,1042,-54,-94,-278,8,-90,215,112,-1,-178,76,54,-70,73,486,-117
0,0,0,0,0,0,0,0,0,0,0,0,0,0,0,0,0,0,0,0,0,0,0,0,0,0,0,0,0,0,0,0,0,0,0,0,0,0,0,0,0,0,0,0,0,0,0,0,0,0,0,0,0,0,0,0,0,0,0,0,0,0,0,0,0,0,0,0,0,0,0,0,0,0,0,0,0,0,0,0,0,0,0,0,0,0,0,0,0,0,0,0,0,0,0,0,0,0,0,0,0,0,0,0,0,0,0,0,0,0,0,0,0,0,0,0,0,0,0,0,0,0,0,0,0,0,0,0,0,0,0,0,0,0,0,0,0,0,0,0,0,0,0,0,0,0,0,0,0,0,0,0,0,0,0,0,0,0,0,0,0,0,0,0,0,0,0,0,0,0,0,0,0,0,0,0,0,0,0,0,0,0,0,0,0,0,0,0,0,0,0,0,0,0,0,0,0,0,0,0,0,0,0,0,0,0,0,0,0,0,0,0,0,0,0,0,0,0,0,0,0,0,0,0,0,0,0,0,0,0,0,0,0
0,0,0,0,0,0,0,0,0,0,0,0,0,0,0,0,0,0,0,0,0,0,0,0,0,0,0,0,0,0,0,0,0,0,0,0,0,0,0,0,0,0,0,0,0,0,0,0,0,0,0,0,0,0,0,0,0,0,0,0,0,0,0,0,0,0,0,0,0,0,0,0,0,0,0,0,0,0,0,0,0,0,0,0,0,0,0,0,0,0,0,0,0,0,0,0,0,0,0,0,0,0,0,0,0,0,0,0,0,0,0,0,0,0,0,0,0,0,0,0,0,0,0,0,0,0,0,0,0,0,0,0,0,0,0,0,0,0,0,0,0,0,0,0,0,0,0,0,0,0,0,0,0,0,0,0,0,0,0,0,0,0,0,0,0,0,0,0,0,0,0,0,0,0,0,0,0,0,0,0,0,0,0,0,0,0,0,0,0,0,0,0,0,0,0,0,0,0,0,0,0,0,0,0,0,0,0,0,0,0,0,0,0,0,0,0,0,0,0,0,0,0,0,0,0,0,0,0,0,0,0,0,0
0,0,0,0,0,0,0,0,0,0,0,0,0,0,0,0,0,0,0,0,0,0,0,0,0,0,0,0,0,0,0,0,0,0,0,0,0,0,0,0,0,0,0,0,0,0,0,0,0,0,0,0,0,0,0,0,0,0,0,0,0,0,0,0,0,0,0,0,0,0,0,0,0,0,0,0,0,0,0,0,0,0,0,0,0,0,0,0,0,0,0,0,0,0,0,0,0,0,0,0,0,0,0,0,0,0,0,0,0,0,0,0,0,0,0,0,0,0,0,0,0,0,0,0,0,0,0,0,0,0,0,0,0,0,0,0,0,0,0,0,0,0,0,0,0,0,0,0,0,0,0,0,0,0,0,0,0,0,0,0,0,0,0,0,0,0,0,0,0,0,0,0,0,0,0,0,0,0,0,0,0,0,0,0,0,0,0,0,0,0,0,0,0,0,0,0,0,0,0,0,0,0,0,0,0,0,0,0,0,0,0,0,0,0,0,0,0,0,0,0,0,0,0,0,0,0,0,0,0,0,0,0,0
0,0,0,0,0,0,0,0,0,0,0,0,0,0,0,0,0,0,0,0,0,0,0,0,0,0,0,0,0,0,0,0,0,0,0,0,0,0,0,0,0,0,0,0,0,0,0,0,0,0,0,0,0,0,0,0,0,0,0,0,0,0,0,0,0,0,0,0,0,0,0,0,0,0,0,0,0,0,0,0,0,0,0,0,0,0,0,0,0,0,0,0,0,0,0,0,0,0,0,0,0,0,0,0,0,0,0,0,0,0,0,0,0,0,0,0,0,0,0,0,0,0,0,0,0,0,0,0,0,0,0,0,0,0,0,0,0,0,0,0,0,0,0,0,0,0,0,0,0,0,0,0,0,0,0,0,0,0,0,0,0,0,0,0,0,0,0,0,0,0,0,0,0,0,0,0,0,0,0,0,0,0,0,0,0,0,0,0,0,0,0,0,0,0,0,0,0,0,0,0,0,0,0,0,0,0,0,0,0,0,0,0,0,0,0,0,0,0,0,0,0,0,0,0,0,0,0,0,0,0,0,0,0
0,0,0,0,0,0,0,0,0,0,0,0,0,0,0,0,0,0,0,0,0,0,0,0,0,0,0,0,0,0,0,0,0,0,0,0,0,0,0,0,0,0,0,0,0,0,0,0,0,0,0,0,0,0,0,0,0,0,0,0,0,0,0,0,0,0,0,0,0,0,0,0,0,0,0,0,0,0,0,0,0,0,0,0,0,0,0,0,0,0,0,0,0,0,0,0,0,0,0,0,0,0,0,0,0,0,0,0,0,0,0,0,0,0,0,0,0,0,0,0,0,0,0,0,0,0,0,0,0,0,0,0,0,0,0,0,0,0,0,0,0,0,0,0,0,0,0,0,0,0,0,0,0,0,0,0,0,0,0,0,0,0,0,0,0,0,0,0,0,0,0,0,0,0,0,0,0,0,0,0,0,0,0,0,0,0,0,0,0,0,0,0,0,0,0,0,0,0,0,0,0,0,0,0,0,0,0,0,0,0,0,0,0,0,0,0,0,0,0,0,0,0,0,0,0,0,0,0,0,0,0,0,0
0,0,0,0,0,0,0,0,0,0,0,0,0,0,0,0,0,0,0,0,0,0,0,0,0,0,0,0,0,0,0,0,0,0,0,0,0,0,0,0,0,0,0,0,0,0,0,0,0,0,0,0,0,0,0,0,0,0,0,0,0,0,0,0,0,0,0,0,0,0,0,0,0,0,0,0,0,0,0,0,0,0,0,0,0,0,0,0,0,0,0,0,0,0,0,0,0,0,0,0,0,0,0,0,0,0,0,0,0,0,0,0,0,0,0,0,0,0,0,0,0,0,0,0,0,0,0,0,0,0,0,0,0,0,0,0,0,0,0,0,0,0,0,0,0,0,0,0,0,0,0,0,0,0,0,0,0,0,0,0,0,0,0,0,0,0,0,0,0,0,0,0,0,0,0,0,0,0,0,0,0,0,0,0,0,0,0,0,0,0,0,0,0,0,0,0,0,0,0,0,0,0,0,0,0,0,0,0,0,0,0,0,0,0,0,0,0,0,0,0,0,0,0,0,0,0,0,0,0,0,0,0,0
0,0,0,0,0,0,0,0,0,0,0,0,0,0,0,0,0,0,0,0,0,0,0,0,0,0,0,0,0,0,0,0,0,0,0,0,0,0,0,0,0,0,0,0,0,0,0,0,0,0,0,0,0,0,0,0,0,0,0,0,0,0,0,0,0,0,0,0,0,0,0,0,0,0,0,0,0,0,0,0,0,0,0,0,0,0,0,0,0,0,0,0,0,0,0,0,0,0,0,0,0,0,0,0,0,0,0,0,0,0,0,0,0,0,0,0,0,0,0,0,0,0,0,0,0,0,0,0,0,0,0,0,0,0,0,0,0,0,0,0,0,0,0,0,0,0,0,0,0,0,0,0,0,0,0,0,0,0,0,0,0,0,0,0,0,0,0,0,0,0,0,0,0,0,0,0,0,0,0,0,0,0,0,0,0,0,0,0,0,0,0,0,0,0,0,0,0,0,0,0,0,0,0,0,0,0,0,0,0,0,0,0,0,0,0,0,0,0,0,0,0,0,0,0,0,0,0,0,0,0,0,0,0
0,0,0,0,0,0,0,0,0,0,0,0,0,0,0,0,0,0,0,0,0,0,0,0,0,0,0,0,0,0,0,0,0,0,-5,-2,-3,-2,0,0,0,-5,0,0,0,0,0,0,0,0,0,0,0,0,0,0,0,0,0,0,0,0,0,0,0,0,0,-7,-9,0,-16,0,-12,0,0,0,0,-3,0,0,0,0,0,0,0,0,0,0,-6,0,0,0,0,0,0,0,0,0,0,0,0,0,0,0,0,0,0,-18,0,0,-2,0,0,0,0,0,0,0,0,0,-2,-10,0,0,0,0,0,0,0,-4,0,0,0,-57,-20,-6,-15,-18,0,0,-8,0,0,-2,0,0,0,0,0,-3,0,0,-3,-4,-12,-24,0,0,0,0,0,0,-4,-3,0,0,-200,-119,-91,-37,-22,-28,-50,-19,0,0,-43,0,-20,0,0,0,-27,-20,-50,-27,-14,-22,0,-50,-20,0,0,-30,0,-12,-27,0,0,-5,-5,-5,-5,-5,-5,-5,-5,0,0,-5,0,-2,0,0,0,-3,-2,-5,-3,-2,-5,-3,-5,-2,0,0,-3,0,-2,-3,0,-80,0
0,-158,-1402,-496,-1222,-489,-456,-392,563,-3,652,917,602,162,1126,-671,-132,-938,0,-585,351,-285,-231,-461,101,-658,-1150,968,833,-1096,487,386,460,0,-1389,228,1907,3401,316,1245,1646,0,42,0,0,0,0,0,0,0,0,0,0,0,0,0,-117,0,0,0,0,0,0,0,0,0,0,486,557,-67,-1745,-174,937,249,-471,-1442,-132,371,26,-186,-475,1063,-807,-532,36,-308,-1231,1197,-1592,1344,121,-298,431,426,333,-1040,-426,144,503,0,0,0,0,0,0,0,0,-438,-277,368,-386,336,-605,-397,1119,833,773,0,0,-902,-156,517,0,-1255,-164,-438,1060,724,-980,168,4,-648,0,837,549,756,-114,1091,-1561,-579,-906,-68,-547,-637,-580,-30,198,-220,1552,-220,0,-337,1712,446,555,1191,600,246,-162,171,-611,-1268,51,1715,-676,0,604,314,-1204,-628,-408,-234,-930,32,-676,-253,-86,-80,9,-238,249,-44,440,-356,259,140,-242,-12,-28,-143,38,241,-467,61,343,7,1,-74,0,42,42,42,42,42,42,42,-122,42,-12,100,54,-65,49,154,141,116,-32,-365,7,96,-87,240,-44,-100,-181,219,134,-403,56,227,196,-27,2260
0,-117,666,217,-310,861,43,-924,-1437,-720,579,-2042,-531,392,-1423,218,-484,-29,70,6,-1064,-244,579,555,217,50,-638,-32,803,-223,-859,-288,1243,0,-1567,-31,-2170,838,-11,-1189,-272,0,0,32,0,0,0,0,0,0,0,0,0,0,0,0,544,0,0,0,0,0,0,0,0,0,0,-1012,507,216,-113,-205,390,-652,880,-838,883,79,419,-487,-762,423,595,-550,0,-92,806,64,926,922,3,4,-622,-378,215,-365,516,-130,457,0,0,0,0,0,0,0,0,143,555,455,-438,0,61,540,-123,0,-116,0,0,823,236,1094,0,0,0,-222,-164,60,-92,-798,0,-298,0,-163,847,1209,793,359,1058,63,200,-401,-1112,589,-1342,-941,-534,1555,409,-1425,119,-142,434,929,840,-570,221,229,-704,-398,202,1166,711,-648,-399,0,-114,139,364,-1203,-748,-138,533,284,79,-483,359,224,15,336,-213,-80,335,173,142,271,185,-282,-27,-11,267,326,102,319,351,316,246,-409,0,32,32,32,32,32,32,32,7,-131,32,-201,-123,-96,-181,186,46,-172,37,-110,127,142,482,178,43,55,-186,-87,160,101,27,-82,66,-17,-1468
0,-627,240,-343,233,189,-4,224,-1809,491,14,-84,260,-87,-848,440,3,504,52,171,-327,-691,-321,1449,28,-144,687,264,696,-58,934,-632,-624,0,6369,-990,-275,-1515,160,-468,-1291,0,0,0,-1,0,0,0,0,0,0,0,0,0,0,0,1047,0,0,0,0,0,0,0,0,0,0,-487,-212,1155,938,262,-161,-398,-17,1285,761,-217,-105,-214,-2,-712,95,775,21,76,-1580,426,779,-1890,75,-109,-793,74,349,-60,-1161,-237,413,0,0,0,0,0,0,0,0,-328,83,-221,211,-246,616,389,-1361,131,-1463,0,0,892,573,-188,0,-40,0,1109,21,-1204,58,-286,26,-136,0,669,-137,-786,-661,87,-455,932,-118,-31,1435,706,-244,-715,-944,271,-175,171,151,629,-342,350,522,-581,740,-184,384,-824,339,-21,157,-1068,464,0,634,-629,-685,529,-738,1002,227,-388,-415,-2,-912,-205,-230,545,-78,46,-109,-254,65,-163,142,66,-33,-473,97,105,-598,-400,-71,193,21,14,0,-1,-1,-1,-1,-1,-1,-1,-266,202,222,-1,-54,-63,-86,-144,10,16,-3,345,-152,80,61,-1,33,-34,150,-116,-22,-15,-16,-189,33,132,-187
0,3,2,1,2,1,0,0,0,0,0,0,0,0,0,3,0,0,0,0,0,0,0,0,0,0,0,0,0,0,0,0,1,0,4,4,6,1,0,2,0,0,0,0,0,4,0,0,0,0,0,0,0,0,0,0,1,0,0,0,0,0,0,0,0,0,0,7,2,1,4,3,2,0,0,1,0,0,1,0,1,3,0,0,0,0,0,0,2,2,0,0,2,0,0,0,4,0,1,0,0,0,0,0,0,0,0,0,0,2,0,0,0,1,3,0,0,0,0,1,0,0,0,0,0,1,0,0,0,3,0,1,0,26,8,9,16,4,7,0,1,0,0,0,8,0,4,12,1,0,0,0,1,0,0,5,0,0,0,1,0,0,2,0,1,0,176,101,63,23,24,21,34,19,9,8,0,27,20,24,19,9,10,10,9,8,10,8,8,10,10,17,9,20,0,21,10,26,0,4,4,4,4,4,4,4,2,1,1,0,4,2,3,4,1,1,1,1,1,1,1,2,1,1,2,1,2,0,3,1,3,63,2
0,216,684,774,289,-114,864,490,-1662,-566,429,-279,0,-1602,-121,-1774,309,406,2,68,-1277,2,360,852,26,0,160,-341,24,-21,-840,6,578,0,207,349,57,-420,208,279,-204,0,0,0,0,0,25,0,0,0,0,0,0,0,0,0,447,0,0,0,0,0,0,0,0,0,0,1491,-389,-694,-3,469,-412,442,241,762,-460,42,24,382,68,-183,-110,9,0,63,214,95,327,568,0,96,84,342,2,272,-404,55,-450,0,0,0,0,0,0,0,0,251,-41,-434,0,0,442,-122,387,0,0,0,0,-1028,-207,13,0,188,0,0,8,75,-248,570,0,-207,0,-711,-193,351,402,-483,-478,427,312,869,-1039,916,371,177,496,-222,-456,467,2,206,-378,-180,144,957,-322,59,-25,478,530,270,-864,443,-10,0,-649,110,359,-116,120,-65,149,-172,43,66,87,235,825,-133,262,-217,14,286,-26,279,320,96,304,-192,415,317,-41,-241,-83,-202,41,350,0,25,25,25,25,25,25,25,-103,110,-152,71,63,25,20,-153,-38,90,29,-37,-219,3,94,391,-30,57,30,46,39,19,-174,44,25,510,68
0,167,-501,-185,1084,-564,202,458,700,-10,-172,606,82,582,-1119,1607,-39,-557,605,-511,-804,430,404,-163,71,0,2167,-985,-713,1162,66,53,-485,0,-950,-1137,830,324,-292,406,-575,0,0,0,0,0,0,-44,0,0,0,0,0,0,0,0,121,0,0,0,0,0,0,0,0,0,0,-593,-472,538,-396,165,-409,284,-1153,-564,1250,-120,476,192,-441,349,-95,586,0,-295,-1481,95,709,556,55,-3,-540,664,336,289,-220,-237,90,0,0,0,0,0,0,0,0,152,-12,-212,0,0,0,-358,-34,0,0,0,0,-328,-49,-242,0,0,0,-110,-377,-164,0,-164,0,-37,0,0,1062,-1313,-941,784,828,-1174,914,-467,-889,-753,164,1129,1274,-1004,-396,93,259,98,173,-800,1009,-2186,-150,194,-919,184,1679,420,-510,-273,298,0,52,65,160,-631,-445,-1379,308,-493,31,-27,-285,346,-462,248,106,370,-748,96,-339,-970,74,-501,-280,104,-591,-174,637,362,139,88,-363,-282,0,-44,-44,-44,-44,-44,-44,-44,12,-105,-36,-50,106,144,-44,69,-16,-87,96,-293,-341,-25,126,-244,8,-40,113,45,150,201,-82,-82,-65,-397,457
0,-1,-4,0,0,0,0,0,0,0,0,-1,0,0,0,0,0,0,0,0,0,0,0,0,0,0,0,0,0,0,0,0,0,0,-15,-1,-3,-5,0,0,0,0,0,0,0,0,0,0,-6,0,0,0,0,0,0,0,0,0,0,0,0,0,0,0,0,0,0,-21,-2,-3,-13,0,-3,-4,0,-4,0,0,0,0,0,-8,0,0,0,0,0,0,0,0,0,0,0,0,0,-1,0,0,0,0,0,0,0,0,0,0,0,0,0,0,0,0,0,0,-1,0,0,0,0,-4,0,-1,0,0,0,0,-4,0,0,0,0,0,0,-44,-16,0,-21,-1,0,-8,0,-4,0,0,0,0,0,-6,0,-9,0,0,-6,0,0,-8,0,0,-2,-4,0,-5,-1,-1,0,0,-274,-157,-114,-45,-47,-45,-48,-50,-32,-40,-9,-10,-50,-10,-39,-10,-1,-10,-36,-40,0,-9,0,-40,-10,-18,-32,0,-44,-9,-9,0,0,-6,-6,-6,-6,-6,-6,-6,-5,-4,-4,-1,-1,-5,-1,-6,-1,-1,-1,-5,-5,0,-1,-1,-4,-1,-2,-4,0,-5,-1,-1,0,-61,-5
0,53,180,159,-39,-17,-529,52,34,144,76,22,3,2,-36,-9,2,6,0,0,20,1,4,17,10,7,24,48,47,-1,36,2,-130,0,396,688,-215,36,-8,-101,23,0,0,0,0,0,0,0,0,7,0,0,0,0,0,0,9,0,0,0,0,0,0,0,0,0,0,-139,62,-252,-281,-348,-381,101,-127,135,-60,9,1,16,-4,13,2,3,0,1,49,10,57,32,18,-31,44,14,-123,-19,36,18,42,0,0,0,0,0,0,0,0,-347,-52,110,33,0,0,198,122,0,7,0,0,16,14,-264,0,33,0,-17,2,-68,-10,71,0,0,0,144,245,-286,227,-511,-329,140,283,-23,17,48,40,61,108,282,110,49,7,9,-156,51,-52,76,14,32,-34,68,66,44,366,1,-26,0,172,-140,625,403,940,1392,-246,-153,-31,-742,-929,386,-29,85,362,-90,3,-67,209,-469,397,-636,410,355,-358,-77,198,358,-94,-273,399,-704,0,7,7,7,7,7,7,7,-31,18,-59,-82,43,5,39,77,7,7,-6,47,-54,48,-89,68,43,-35,-6,33,28,-8,23,42,-88,-748,-340
0,12,1,6,11,0,1,0,9,0,9,0,0,2,22,0,0,4,0,0,0,0,0,1,0,0,0,1,6,1,9,0,0,0,3,7,7,2,0,0,0,0,0,0,0,0,0,0,0,0,7,0,0,0,0,0,0,0,0,0,0,0,0,0,0,0,0,9,6,4,4,1,1,0,1,0,0,0,0,1,1,0,3,2,0,0,2,0,0,6,0,0,0,1,0,1,4,0,1,0,0,0,0,0,0,0,0,2,1,3,4,0,0,0,0,0,1,0,0,1,0,0,0,3,0,1,1,3,0,13,0,0,0,25,11,26,21,1,5,7,11,0,12,3,0,2,1,0,6,2,0,0,4,0,1,5,0,0,2,0,0,1,20,0,1,0,311,167,90,53,54,49,61,37,28,16,33,20,5,26,0,31,54,20,7,3,10,9,4,27,50,27,17,21,7,14,10,17,0,7,7,7,7,7,7,7,6,3,4,4,2,1,5,0,4,7,2,1,1,1,1,2,3,5,3,2,3,1,6,1,2,99,4
0,-94,9,-40,-28,-57,-35,10,3,0,0,1,0,0,1,2,0,0,-19,0,2,0,-19,-37,0,0,0,16,1,3,-9,0,2,0,8,-30,-13,14,0,10,1,0,0,0,0,0,0,0,0,0,0,-1,0,0,0,0,0,0,0,0,0,0,0,0,0,0,0,30,47,2,9,14,18,19,2,0,0,0,0,0,0,1,0,0,0,0,0,0,3,1,0,0,0,0,0,3,4,0,0,0,0,0,0,0,0,0,0,3,2,0,3,0,2,7,8,0,0,0,0,0,0,5,0,0,0,0,0,3,0,2,0,0,0,-117,23,16,-136,-46,13,29,34,0,12,4,0,2,2,14,0,-114,3,0,19,15,-3,-111,7,0,17,8,2,2,54,0,0,0,68,-85,9,119,81,-14,-69,118,18,88,32,-70,116,30,35,30,4,7,-133,29,75,-126,19,-107,-110,103,66,34,12,-101,-180,18,0,-1,-1,-1,-1,-1,-1,-1,16,2,10,4,-7,12,4,6,3,-11,-1,-17,5,9,-14,-16,-10,-11,12,9,4,2,-5,-18,2,-97,13
0,-916,-635,171,29,-76,46,74,56,-165,0,17,0,44,-213,-781,0,-182,0,65,56,7,97,37,8,0,189,-80,0,22,108,54,102,0,617,65,114,-329,24,36,45,0,0,0,0,0,0,0,0,0,0,0,4,0,0,0,2,0,0,0,0,0,0,0,0,0,0,763,201,-65,446,-150,-177,348,138,86,0,3,0,1,-10,-114,0,10,8,205,19,2,4,8,0,0,-302,73,9,90,40,30,-88,0,0,0,0,0,0,0,0,-119,0,3,1,0,6,-46,208,0,43,0,0,33,0,22,0,0,0,86,3,0,-43,50,0,-8,0,-461,98,-237,570,-87,-147,-88,129,-54,32,34,0,65,220,-864,1,154,0,-301,89,6,86,94,1,1,79,217,9,-102,92,-28,-61,0,60,397,95,-553,321,274,-332,326,243,133,715,-450,-496,-712,-309,-31,183,82,136,873,45,531,-21,-59,-221,148,-302,522,-237,460,-176,-773,0,4,4,4,4,4,4,4,53,11,17,77,-45,-38,-76,-186,-3,21,9,4,107,6,74,15,-5,-22,20,-8,54,-27,75,-12,-81,-237,-299
0,0,0,0,0,0,0,0,0,0,0,0,0,0,0,0,0,0,0,0,0,0,0,0,0,0,0,0,0,0,0,0,0,0,0,0,0,0,0,0,0,0,0,0,0,0,0,0,0,0,0,0,0,0,0,0,0,0,0,0,0,0,0,0,0,0,0,0,0,0,0,0,0,0,0,0,0,0,0,0,0,0,0,0,0,0,0,0,0,0,0,0,0,0,0,0,0,0,0,0,0,0,0,0,0,0,0,0,0,0,0,0,0,0,0,0,0,0,0,0,0,0,0,0,0,0,0,0,0,0,0,0,0,0,0,0,0,0,0,0,0,0,0,0,0,0,0,0,0,0,0,0,0,0,0,0,0,0,0,0,0,0,0,0,0,0,0,0,0,0,0,0,0,0,0,0,0,0,0,0,0,0,0,0,0,0,0,0,0,0,0,0,0,0,0,0,0,0,0,0,0,0,0,0,0,0,0,0,0,0,0,0,0,0,0,0,0,0,0,0,0,0,0,0,0,0,0,0,0,0,0,0,0
0,981,253,-160,246,109,871,455,472,-136,427,350,51,-485,540,496,-555,-40,74,69,-713,-194,-276,419,91,0,106,-278,-502,51,-1573,14,-622,0,-1660,-612,-1383,-1267,313,404,124,0,0,0,0,0,0,0,0,0,0,0,0,0,-17,0,-248,0,0,0,0,0,0,0,0,0,0,-100,-985,649,-422,491,-86,-447,-143,-102,29,190,2,166,425,-743,114,-607,67,309,1696,617,-979,-127,-232,0,875,48,511,247,-625,-200,68,0,0,0,0,0,0,0,0,467,382,-602,27,82,-429,0,231,0,0,0,0,-386,561,520,0,183,0,-509,0,-293,-360,152,0,431,0,-300,-136,138,-254,-196,240,-343,-239,635,-361,467,-404,-1183,886,458,-71,-20,43,333,-1322,-103,760,1000,339,60,-846,-66,222,-244,-755,-696,90,0,-483,1088,659,1203,-853,-1747,213,-417,260,467,128,599,521,379,93,772,-413,-94,-329,645,-1133,805,-29,-19,420,-566,516,-658,-237,-802,-138,82,0,-17,-17,-17,-17,-17,-17,-17,14,141,-4,98,33,-141,223,54,29,-108,9,-71,-8,-17,83,100,19,48,-94,22,-72,-54,-360,-102,-12,36,-690
0,-6,-1,0,-3,0,0,0,0,0,0,0,0,0,0,0,0,0,0,0,0,0,0,0,0,0,0,-1,0,-1,0,0,0,0,-20,-3,-3,-7,0,0,-1,0,0,0,0,0,0,0,0,0,0,0,0,0,0,-7,0,0,0,0,0,0,0,0,0,0,0,-6,-1,-3,-7,0,0,-12,-1,0,0,0,0,0,0,0,0,0,0,0,-1,0,-1,0,0,0,0,0,-4,0,-2,0,0,0,0,0,0,0,0,0,0,-3,-3,0,-2,0,-4,-3,-6,-1,-1,-1,0,-3,-2,-5,0,-1,0,0,-3,-2,-1,-14,0,0,0,-40,-12,-15,-17,0,-5,-14,0,-3,0,-2,0,-4,-2,-3,-1,0,0,0,-5,-2,-8,0,-1,0,0,-5,-1,-2,-10,0,0,0,-321,-190,-118,-56,-56,-51,-43,-36,-24,0,-25,0,-32,-5,-21,-28,-9,-19,-26,-31,-36,-49,-24,-48,-50,0,-31,-13,-16,-24,-20,0,0,-7,-7,-7,-7,-7,-7,-7,-4,-3,0,-3,0,-4,-1,-3,-3,-1,-2,-3,-4,-4,-7,-3,-5,-5,0,-4,-2,-2,-5,-2,0,-77,-5
0,0,0,0,0,0,0,0,0,0,0,0,0,0,0,0,0,0,0,0,0,0,0,0,0,0,0,0,0,0,0,0,0,0,0,0,0,0,0,0,0,0,0,0,0,0,0,0,0,0,0,0,0,0,0,0,0,0,0,0,0,0,0,0,0,0,0,0,0,0,0,0,0,0,0,0,0,0,0,0,0,0,0,0,0,0,0,0,0,0,0,0,0,0,0,0,0,0,0,0,0,0,0,0,0,0,0,0,0,0,0,0,0,0,0,0,0,0,0,0,0,0,0,0,0,0,0,0,0,0,0,0,0,0,0,0,0,0,0,0,0,0,0,0,0,0,0,0,0,0,0,0,0,0,0,0,0,0,0,0,0,0,0,0,0,0,0,0,0,0,0,0,0,0,0,0,0,0,0,0,0,0,0,0,0,0,0,0,0,0,0,0,0,0,0,0,0,0,0,0,0,0,0,0,0,0,0,0,0,0,0,0,0,0,0,0,0,0,0,0,0,0,0,0,0,0,0,0,0,0,0,0,0
0,3,2,3,1,2,2,0,6,2,0,0,0,2,0,3,1,1,0,0,0,0,1,0,0,0,0,0,0,2,6,0,3,0,2,7,4,0,2,2,0,0,0,0,0,0,0,0,0,0,0,0,0,0,0,0,0,4,0,0,0,0,0,0,0,0,0,5,3,1,3,1,0,0,1,1,0,0,0,1,0,0,0,0,0,0,0,0,0,0,0,0,0,0,1,1,0,0,1,0,0,0,0,0,0,0,0,3,0,0,0,0,0,0,5,0,0,0,0,0,0,1,0,0,0,0,0,0,1,1,0,0,0,14,12,12,9,2,9,2,5,3,0,0,0,0,1,5,1,1,0,0,0,1,4,0,2,0,1,1,0,2,3,0,1,0,183,92,59,30,25,19,30,25,13,20,0,20,7,9,7,8,18,0,32,0,9,13,0,34,10,27,7,9,14,0,10,15,0,4,4,4,4,4,4,4,4,2,2,0,2,1,1,2,1,2,0,4,0,1,2,0,4,1,3,1,1,2,1,1,2,69,2
0,-11,305,-17,174,3,424,6,-24,1,12,3,0,5,1,9,7,0,0,0,30,0,14,0,8,8,0,1,2,20,15,2,147,0,-20,-138,-7,12,136,15,3,0,0,0,0,0,0,0,0,0,0,0,0,0,0,0,0,0,1,0,0,0,0,0,0,0,0,24,-108,14,-161,18,-491,1,-168,0,0,0,0,0,0,0,0,0,0,0,0,0,7,0,0,10,0,0,1,6,20,11,-153,0,0,0,0,0,0,0,0,137,1,17,1,0,0,1,16,0,0,0,0,18,0,7,0,0,0,0,11,1,10,21,0,0,0,44,-216,34,9,121,-8,10,-40,19,61,3,0,0,7,36,14,0,0,0,61,0,29,0,6,16,0,13,6,24,58,-37,-11,0,36,155,-10,75,-270,68,-110,-135,35,-180,33,-180,-275,68,89,-211,60,90,109,101,50,102,-280,176,-26,-250,95,100,180,105,-116,-94,0,1,1,1,1,1,1,1,-23,6,-9,4,-18,-27,8,15,-19,6,9,12,21,5,16,-35,19,1,-25,12,11,24,22,-14,-11,270,-25
0,1294,-163,403,-460,1210,-793,-126,802,-390,-310,646,701,-819,1307,-753,130,-783,0,558,999,-62,-538,-2048,581,0,-145,678,-789,-943,-159,-1004,146,0,-525,-633,-1904,461,459,1781,-1593,0,0,0,0,0,0,0,0,0,0,0,0,0,0,0,433,0,0,12,0,0,0,0,0,0,0,256,476,-52,-187,-229,-148,1358,604,-123,-649,428,-838,24,-1470,214,-1047,-11,0,241,1120,-670,-789,-20,-324,0,141,-1140,-104,1750,0,-690,-521,0,0,0,0,0,0,0,0,1060,-47,87,15,0,-228,88,-1169,-303,-27,0,0,783,-288,468,0,0,0,502,1074,793,451,305,18,-172,0,-583,124,1288,1231,-1125,-360,339,1033,-2359,1194,-480,162,-118,-1242,-414,270,1164,335,166,-144,-1247,-490,446,-686,9,785,-397,263,1318,1582,207,792,0,-157,-311,580,-782,-219,-391,594,521,-28,338,509,-215,491,107,-208,-204,322,85,-164,-148,527,-14,368,509,261,-295,-913,-93,115,-198,59,389,0,12,12,12,12,12,12,12,402,-254,66,154,-19,-65,-121,-233,-110,38,42,41,261,-174,-132,-99,8,27,12,-57,7,291,166,-141,10,531,-709
0,372,653,-428,236,524,-144,-238,368,299,-280,275,-713,44,-896,18,118,30,-347,336,36,-344,-550,537,53,16,-1215,-861,176,656,2061,135,384,0,160,443,28,-2313,-155,857,-1738,0,0,0,0,0,0,0,0,0,0,0,0,0,0,0,216,0,0,0,30,0,0,0,0,0,0,-336,-509,293,1658,-494,-253,-142,329,329,-667,419,19,458,315,1038,9,45,11,308,1294,152,-78,-152,-577,-508,166,673,388,-585,267,-324,354,0,0,0,0,0,0,0,0,201,-94,-327,0,100,57,317,-462,0,0,0,0,-61,0,790,0,50,0,51,-1081,397,7,-2141,3,-755,0,912,-967,-54,-551,78,69,-53,-535,1311,275,249,345,361,172,735,-47,326,55,327,1914,-542,-1964,1021,146,346,294,-226,-1346,-106,-633,-401,-712,0,168,-493,-109,784,287,-289,406,-23,277,150,11,-392,-240,-158,-269,-70,163,31,-150,-703,-406,-115,-446,-100,-294,-267,1047,-235,-305,136,-231,725,0,30,30,30,30,30,30,30,34,240,-104,114,-64,68,-25,106,1,57,-25,33,248,-114,-188,147,-31,-44,-3,30,-62,-33,-31,-68,14,186,202
0,0,0,0,0,0,0,0,0,0,0,0,0,0,0,0,0,0,0,0,0,0,0,0,0,0,0,0,0,0,0,0,0,0,0,0,0,0,0,0,0,0,0,0,0,0,0,0,0,0,0,0,0,0,0,0,0,0,0,0,0,0,0,0,0,0,0,0,0,0,0,0,0,0,0,0,0,0,0,0,0,0,0,0,0,0,0,0,0,0,0,0,0,0,0,0,0,0,0,0,0,0,0,0,0,0,0,0,0,0,0,0,0,0,0,0,0,0,0,0,0,0,0,0,0,0,0,0,0,0,0,0,0,0,0,0,0,0,0,0,0,0,0,0,0,0,0,0,0,0,0,0,0,0,0,0,0,0,0,0,0,0,0,0,0,0,0,0,0,0,0,0,0,0,0,0,0,0,0,0,0,0,0,0,0,0,0,0,0,0,0,0,0,0,0,0,0,0,0,0,0,0,0,0,0,0,0,0,0,0,0,0,0,0,0,0,0,0,0,0,0,0,0,0,0,0,0,0,0,0,0,0,0
0,3,1,4,2,0,3,0,2,0,0,0,0,0,0,0,0,0,0,0,0,0,1,0,0,0,0,0,0,0,1,0,1,0,5,3,4,1,0,0,0,0,0,0,0,0,0,0,0,0,0,0,0,0,0,0,0,0,0,0,0,0,4,0,0,0,0,0,0,0,1,0,1,0,0,0,0,0,0,0,0,0,0,0,0,0,0,0,0,0,0,0,0,0,0,0,0,0,0,0,0,0,0,0,0,0,0,1,1,1,1,0,0,0,1,0,1,0,0,0,0,0,0,1,0,4,0,0,0,10,0,1,0,17,7,8,7,0,2,0,1,0,2,1,1,1,0,0,0,0,0,0,3,2,1,3,0,0,2,0,1,2,4,0,2,0,183,109,64,32,32,26,40,26,9,27,8,29,9,0,9,30,19,10,0,7,8,8,21,9,0,24,0,9,34,15,10,16,0,4,4,4,4,4,4,4,3,1,3,1,3,1,0,1,3,2,1,0,1,1,1,3,1,0,3,0,1,4,3,1,2,45,3
0,0,0,0,0,0,0,0,0,0,0,0,0,0,0,0,0,0,0,0,0,0,0,0,0,0,0,0,0,0,0,0,0,0,-16,-4,-4,-8,0,0,0,0,0,0,0,0,0,0,0,0,0,0,0,0,0,0,0,0,0,0,0,0,0,-6,0,0,0,-20,-12,-2,-10,0,-6,0,0,0,-2,0,0,0,0,-2,0,0,-2,0,0,0,0,0,0,0,0,-2,0,0,-2,0,0,0,0,0,0,0,0,0,0,0,0,0,-2,0,-4,0,0,0,0,0,0,0,0,0,0,0,0,0,0,0,-2,-8,0,0,0,-30,-6,-12,-12,0,-2,0,-4,0,-2,0,0,-6,0,-8,0,0,-2,0,0,0,0,0,0,0,-2,0,0,-2,-18,0,-2,0,-276,-158,-102,-48,-48,-40,-60,-16,0,-36,-38,-20,-50,0,-30,-40,0,-16,-20,0,-20,-40,-16,0,-20,-58,-18,-20,-16,-26,0,-18,0,-6,-6,-6,-6,-6,-6,-6,-2,0,-4,-4,-2,-6,0,-4,-4,0,-2,-2,0,-2,-4,-2,0,-2,-6,-2,-2,-2,-6,0,-2,-64,-2
0,-2,-114,-25,-15,-214,13,4,6,0,0,11,34,0,0,6,-127,18,0,1,7,0,-165,-10,2,11,0,10,1,-125,21,15,11,0,167,44,-37,-120,12,-109,0,0,0,0,0,0,0,0,0,0,0,0,0,0,0,0,9,0,0,0,0,0,0,0,3,0,0,54,181,-114,41,-94,35,39,2,6,0,0,5,0,8,0,54,3,0,1,0,0,112,131,1,1,7,2,1,55,0,19,-71,0,0,0,0,0,0,0,0,7,6,0,0,0,0,14,12,0,10,0,0,0,0,26,0,0,0,6,0,0,0,15,0,0,0,-342,-140,184,-22,-424,119,14,30,18,1,7,-67,1,13,25,31,43,0,3,9,4,-330,-260,3,2,12,12,1,35,51,-104,47,0,237,69,161,58,744,-37,-62,85,80,169,246,-182,109,-295,27,-244,-334,-140,128,84,46,137,82,154,176,179,106,117,-255,153,97,-203,0,3,3,3,3,3,3,3,13,11,17,27,-21,11,-26,7,-28,-26,-14,14,10,5,-22,-6,16,19,21,13,12,-29,24,3,-21,-496,47
0,-548,104,61,-23,-1478,-267,424,1199,911,-791,-460,-181,-827,1312,948,558,-254,-373,-493,2187,771,94,-1249,0,-427,-651,673,-1047,392,-218,533,-1093,0,-141,800,1383,3665,-64,-2865,7560,0,0,0,0,0,0,0,0,0,0,0,0,0,0,0,45,0,0,0,0,0,0,0,0,-148,0,178,410,-964,-325,-300,1114,-318,222,-565,-26,271,-211,-28,1857,-518,14,9,0,-227,-1043,-519,351,-1705,323,-109,616,-999,-318,-1122,1543,2023,-1421,0,0,0,0,0,0,0,0,-691,-859,295,-395,600,49,-1208,787,-1022,-175,103,0,714,-1190,-1009,0,609,-214,-12,143,-609,93,1080,152,610,0,72,-637,-922,-738,-64,235,198,-431,616,645,-1150,1295,1830,-411,-252,-1059,-226,-437,-742,-1493,1116,-459,-944,-556,-578,472,948,-620,-528,-282,1765,375,0,-380,-216,-614,914,722,707,-254,291,109,231,126,-40,-130,-110,15,79,6,47,281,145,-21,55,21,-116,-2,118,-254,-56,133,97,252,1263,0,-148,-148,-148,-148,-148,-148,-148,59,89,32,-180,66,35,112,98,-143,-64,-66,-636,51,34,-114,-744,26,-133,22,-154,-265,-143,222,464,-148,-126,789
