0,-399,-352,265,-714,16,1085,117,-276,78,-1120,73,153,418,365,-42,334,-219,-135,683,-388,-450,90,745,-196,-300,-770,-478,978,-296,-748,-303,-1000,0,-1457,327,616,-2856,215,-1336,-4230,-3,6,-5,-3,-2,-3,11,1,5,-1,1,0,-3,-7,7,-1089,-2,1,-2,-2,-1,-1,-3,-1,2,0,-332,-245,-830,-415,-558,359,529,-108,-38,-1166,-200,-161,1162,-336,166,-517,223,84,-192,146,-273,140,355,-429,366,216,-306,84,-59,-195,-97,89,0,0,0,0,0,0,0,0,76,-561,297,427,-557,-481,628,976,873,381,636,0,721,233,-719,0,168,-7,-83,370,-204,727,507,333,946,0,280,49,473,-359,84,-109,260,-358,359,243,1490,250,363,529,-198,615,-296,266,178,-90,-516,321,-165,525,37,-68,-361,163,-399,473,-342,579,0,-87,-46,-28,-761,203,108,-235,-51,-174,48,-41,37,-199,-39,138,-68,57,-68,7,-36,-14,-41,54,63,-40,294,-195,152,41,102,-109,-168,0,-5,-5,-5,-5,-5,-5,-5,-72,-56,-213,78,-61,150,112,122,92,43,74,-2,35,-102,17,-162,20,-21,-100,-131,126,43,42,-113,29,69,381
0,0,0,0,0,0,0,0,0,0,0,0,0,0,0,0,0,0,0,0,0,0,0,0,0,0,0,0,0,0,0,0,0,0,0,0,0,0,0,0,0,0,0,0,0,0,0,0,0,0,0,0,0,0,0,0,0,0,0,0,0,0,0,0,0,0,0,0,0,0,0,0,0,0,0,0,0,0,0,0,0,0,0,0,0,0,0,0,0,0,0,0,0,0,0,0,0,0,0,0,0,0,0,0,0,0,0,0,0,0,0,0,0,0,0,0,0,0,0,0,0,0,0,0,0,0,0,0,0,0,0,0,0,0,0,0,0,0,0,0,0,0,0,0,0,0,0,0,0,0,0,0,0,0,0,0,0,0,0,0,0,0,0,0,0,0,0,0,0,0,0,0,0,0,0,0,0,0,0,0,0,0,0,0,0,0,0,0,0,0,0,0,0,0,0,0,0,0,0,0,0,0,0,0,0,0,0,0,0,0,0,0,0,0,0,0,0,0,0,0,0,0,0,0,0,0,0,0,0,0,0,0,0
0,0,0,0,0,0,0,0,0,0,0,0,0,0,0,0,0,0,0,0,0,0,0,0,0,0,0,0,0,0,0,0,0,0,0,0,0,0,0,0,0,0,0,0,0,0,0,0,0,0,0,0,0,0,0,0,0,0,0,0,0,0,0,0,0,0,0,0,0,0,0,0,0,0,0,0,0,0,0,0,0,0,0,0,0,0,0,0,0,0,0,0,0,0,0,0,0,0,0,0,0,0,0,0,0,0,0,0,0,0,0,0,0,0,0,0,0,0,0,0,0,0,0,0,0,0,0,0,0,0,0,0,0,0,0,0,0,0,0,0,0,0,0,0,0,0,0,0,0,0,0,0,0,0,0,0,0,0,0,0,0,0,0,0,0,0,0,0,0,0,0,0,0,0,0,0,0,0,0,0,0,0,0,0,0,0,0,0,0,0,0,0,0,0,0,0,0,0,0,0,0,0,0,0,0,0,0,0,0,0,0,0,0,0,0,0,0,0,0,0,0,0,0,0,0,0,0,0,0,0,0,0,0
0,0,0,0,0,0,0,0,0,0,0,0,0,0,0,0,0,0,0,0,0,0,0,0,0,0,0,0,0,0,0,0,0,0,0,0,0,0,0,0,0,0,0,0,0,0,0,0,0,0,0,0,0,0,0,0,0,0,0,0,0,0,0,0,0,0,0,0,0,0,0,0,0,0,0,0,0,0,0,0,0,0,0,0,0,0,0,0,0,0,0,0,0,0,0,0,0,0,0,0,0,0,0,0,0,0,0,0,0,0,0,0,0,0,0,0,0,0,0,0,0,0,0,0,0,0,0,0,0,0,0,0,0,0,0,0,0,0,0,0,0,0,0,0,0,0,0,0,0,0,0,0,0,0,0,0,0,0,0,0,0,0,0,0,0,0,0,0,0,0,0,0,0,0,0,0,0,0,0,0,0,0,0,0,0,0,0,0,0,0,0,0,0,0,0,0,0,0,0,0,0,0,0,0,0,0,0,0,0,0,0,0,0,0,0,0,0,0,0,0,0,0,0,0,0,0,0,0,0,0,0,0,0
0,0,0,0,0,0,0,0,0,0,0,0,0,0,0,0,0,0,0,0,0,0,0,0,0,0,0,0,0,0,0,0,0,0,0,0,0,0,0,0,0,0,0,0,0,0,0,0,0,0,0,0,0,0,0,0,0,0,0,0,0,0,0,0,0,0,0,0,0,0,0,0,0,0,0,0,0,0,0,0,0,0,0,0,0,0,0,0,0,0,0,0,0,0,0,0,0,0,0,0,0,0,0,0,0,0,0,0,0,0,0,0,0,0,0,0,0,0,0,0,0,0,0,0,0,0,0,0,0,0,0,0,0,0,0,0,0,0,0,0,0,0,0,0,0,0,0,0,0,0,0,0,0,0,0,0,0,0,0,0,0,0,0,0,0,0,0,0,0,0,0,0,0,0,0,0,0,0,0,0,0,0,0,0,0,0,0,0,0,0,0,0,0,0,0,0,0,0,0,0,0,0,0,0,0,0,0,0,0,0,0,0,0,0,0,0,0,0,0,0,0,0,0,0,0,0,0,0,0,0,0,0,0
0,0,0,0,0,0,0,0,0,0,0,0,0,0,0,0,0,0,0,0,0,0,0,0,0,0,0,0,0,0,0,0,0,0,0,0,0,0,0,0,0,0,0,0,0,0,0,0,0,0,0,0,0,0,0,0,0,0,0,0,0,0,0,0,0,0,0,0,0,0,0,0,0,0,0,0,0,0,0,0,0,0,0,0,0,0,0,0,0,0,0,0,0,0,0,0,0,0,0,0,0,0,0,0,0,0,0,0,0,0,0,0,0,0,0,0,0,0,0,0,0,0,0,0,0,0,0,0,0,0,0,0,0,0,0,0,0,0,0,0,0,0,0,0,0,0,0,0,0,0,0,0,0,0,0,0,0,0,0,0,0,0,0,0,0,0,0,0,0,0,0,0,0,0,0,0,0,0,0,0,0,0,0,0,0,0,0,0,0,0,0,0,0,0,0,0,0,0,0,0,0,0,0,0,0,0,0,0,0,0,0,0,0,0,0,0,0,0,0,0,0,0,0,0,0,0,0,0,0,0,0,0,0
0,0,0,0,0,0,0,0,0,0,0,0,0,0,0,0,0,0,0,0,0,0,0,0,0,0,0,0,0,0,0,0,0,0,0,0,0,0,0,0,0,0,0,0,0,0,0,0,0,0,0,0,0,0,0,0,0,0,0,0,0,0,0,0,0,0,0,0,0,0,0,0,0,0,0,0,0,0,0,0,0,0,0,0,0,0,0,0,0,0,0,0,0,0,0,0,0,0,0,0,0,0,0,0,0,0,0,0,0,0,0,0,0,0,0,0,0,0,0,0,0,0,0,0,0,0,0,0,0,0,0,0,0,0,0,0,0,0,0,0,0,0,0,0,0,0,0,0,0,0,0,0,0,0,0,0,0,0,0,0,0,0,0,0,0,0,0,0,0,0,0,0,0,0,0,0,0,0,0,0,0,0,0,0,0,0,0,0,0,0,0,0,0,0,0,0,0,0,0,0,0,0,0,0,0,0,0,0,0,0,0,0,0,0,0,0,0,0,0,0,0,0,0,0,0,0,0,0,0,0,0,0,0
0,0,0,0,0,0,0,0,0,0,0,0,0,0,0,0,0,0,0,0,0,0,0,0,0,0,0,0,0,0,0,0,0,0,0,0,0,0,0,0,0,0,0,0,0,0,0,0,0,0,0,0,0,0,0,0,0,0,0,0,0,0,0,0,0,0,0,0,0,0,0,0,0,0,0,0,0,0,0,0,0,0,0,0,0,0,0,0,0,0,0,0,0,0,0,0,0,0,0,0,0,0,0,0,0,0,0,0,0,0,0,0,0,0,0,0,0,0,0,0,0,0,0,0,0,0,0,0,0,0,0,0,0,0,0,0,0,0,0,0,0,0,0,0,0,0,0,0,0,0,0,0,0,0,0,0,0,0,0,0,0,0,0,0,0,0,0,0,0,0,0,0,0,0,0,0,0,0,0,0,0,0,0,0,0,0,0,0,0,0,0,0,0,0,0,0,0,0,0,0,0,0,0,0,0,0,0,0,0,0,0,0,0,0,0,0,0,0,0,0,0,0,0,0,0,0,0,0,0,0,0,0,0
0,0,1,3,0,0,1,0,3,0,1,0,0,0,1,1,0,0,0,0,0,0,0,0,0,0,0,0,0,0,0,0,1,0,0,3,6,0,0,6,0,3,0,0,0,0,0,0,0,0,0,0,0,0,0,0,1,0,0,0,0,0,0,0,0,0,0,0,0,0,0,0,3,0,0,0,0,0,0,0,0,0,0,0,0,0,0,0,0,1,0,0,0,0,0,0,0,0,1,0,0,0,0,0,0,0,0,11,2,0,0,0,0,8,8,1,0,0,0,0,0,0,0,0,0,3,0,1,0,3,0,0,0,17,6,11,3,0,7,0,10,1,2,0,1,0,9,4,2,0,0,0,0,0,1,2,0,0,5,0,0,0,3,0,1,0,129,66,36,24,24,7,30,3,6,17,0,18,0,12,7,27,0,0,0,0,10,9,12,10,20,21,0,9,0,4,0,17,0,3,3,3,3,3,3,3,3,1,2,0,2,0,3,2,3,0,0,0,0,1,1,2,1,2,3,0,1,0,1,0,2,44,2
0,55,-878,-595,-345,152,-145,103,-430,-1070,247,-339,0,511,-381,-716,71,-27,0,-528,375,-298,-718,129,-326,18,605,200,-638,-475,-915,100,-441,0,-131,179,81,1724,225,989,151,0,-6,0,0,0,0,0,0,0,0,0,0,0,0,0,62,0,0,0,0,0,0,0,0,0,0,-314,-644,-107,517,35,-74,-78,-432,151,122,332,0,-751,55,144,70,9,0,23,-730,29,361,343,1,-155,-265,-208,-463,500,-910,-203,51,0,0,0,0,0,0,0,0,1080,780,397,68,18,-350,327,-67,-183,80,0,0,348,224,344,0,211,0,559,349,387,-25,512,-3,51,0,-151,759,-337,-1457,299,-828,45,39,97,-25,-235,-228,-1192,-362,-643,-129,-218,45,-129,23,-63,-14,254,77,63,202,386,-210,-383,113,419,-601,0,-92,204,-313,328,-759,-31,-296,243,-374,-289,44,-350,182,511,792,46,395,121,393,-76,-22,79,49,134,-414,-162,414,126,401,-82,297,-462,0,-6,-6,-6,-6,-6,-6,-6,50,-6,51,8,-56,-148,29,-49,19,-21,21,1,-6,-13,-36,107,13,-22,152,106,-103,12,-153,61,-77,448,62
0,234,76,102,74,4,76,18,85,29,111,25,11,16,31,72,13,6,0,1,124,15,48,4,4,0,7,96,11,119,97,0,123,0,-90,-18,121,-1,3,172,5,0,0,5,0,0,0,0,0,0,0,0,0,0,0,0,2,0,0,0,0,0,0,0,0,0,0,213,29,165,87,1,-8,25,247,146,44,17,0,1,18,30,9,15,0,0,64,0,13,3,5,1,12,111,12,12,67,0,36,0,0,0,0,0,0,0,0,-141,74,-399,-29,-58,5,-256,-215,-32,-50,0,0,-157,-23,29,0,3,0,19,4,12,-113,-663,-16,-304,0,-19,144,-15,201,-48,-12,30,279,-18,98,35,-60,58,-215,625,9,-45,1,-34,223,-28,69,-81,27,-230,169,-132,6,-26,13,11,35,0,376,-598,-247,-171,80,-188,387,-250,-637,189,-99,-23,410,-388,-492,541,184,189,-242,296,-64,39,128,-99,21,-450,141,309,258,71,104,-216,0,5,5,5,5,5,5,5,22,-25,5,-8,-13,49,-81,2,54,11,19,-52,55,-10,33,7,-6,-9,-24,22,35,25,-47,10,-24,290,-172
0,-309,-57,136,407,302,-1174,209,-141,370,-895,32,0,-152,323,269,-40,18,77,0,112,31,-424,67,-36,60,161,-9,-491,-80,-481,6,11,0,3378,-282,-1165,-811,-238,359,-752,0,0,0,3,0,0,0,0,0,0,0,0,0,0,0,148,0,0,0,0,0,0,0,0,0,0,-1460,-62,695,283,503,110,72,-8,-241,-656,40,384,65,46,-403,48,68,83,169,-76,-362,-289,189,-11,-252,388,484,48,122,4,5,54,0,0,0,0,0,0,0,0,427,95,368,0,9,331,999,194,-4,47,-150,0,242,189,-10,0,-128,0,135,-225,168,106,1256,0,0,0,-91,-148,224,195,42,-4,9,301,-181,211,-130,-728,295,-761,104,208,-445,-370,48,-537,280,996,-803,-191,10,573,-110,-422,-223,-582,125,-3,0,-554,62,543,295,-585,672,230,261,133,236,50,45,21,-167,-1174,-522,156,-260,-92,389,252,317,479,-34,372,170,102,-373,160,263,-686,-112,0,3,3,3,3,3,3,3,84,-20,-62,3,-29,56,44,-101,-31,2,-62,-47,13,39,70,10,-40,19,155,36,-107,12,46,-55,-5,253,277
0,4,0,1,1,0,0,0,0,0,2,0,0,0,1,0,0,0,0,0,0,0,0,0,1,0,0,0,0,0,3,0,1,0,1,1,2,1,2,1,2,0,0,0,0,2,0,0,0,0,0,0,0,0,0,0,0,0,0,0,0,0,0,0,0,0,0,0,0,2,0,2,1,0,0,0,1,0,0,0,0,0,0,0,0,0,0,0,0,0,0,0,1,0,0,0,1,0,1,0,0,0,0,0,0,0,0,0,0,1,0,0,0,0,0,0,0,0,0,1,0,0,0,0,0,0,1,0,0,4,0,0,0,1,4,1,0,1,5,5,0,0,2,0,1,0,2,2,0,0,0,0,1,0,0,0,0,0,1,2,1,0,4,0,2,0,92,53,33,16,11,9,8,10,0,14,0,17,0,7,8,9,10,0,0,8,0,0,0,9,0,18,17,9,0,8,0,16,0,2,2,2,2,2,2,2,1,0,2,0,2,0,1,1,1,1,0,0,1,0,0,0,1,0,2,2,1,0,2,0,2,31,1
0,189,43,68,55,9,48,37,16,28,1,14,0,47,68,14,0,0,1,1,87,1,47,20,0,0,8,6,1,24,43,0,26,0,-695,-27,-70,-121,2,27,7,0,0,0,0,0,3,0,0,0,0,0,0,0,0,0,7,0,0,0,0,0,0,0,0,0,0,349,29,46,138,18,52,53,2,4,2,8,0,10,127,15,0,2,0,0,22,4,6,10,6,0,-28,7,52,13,34,0,17,0,0,0,0,0,0,0,0,62,-61,19,0,0,-249,-738,68,-13,11,0,0,-223,-35,38,0,22,0,-116,-15,-66,-80,-55,0,-19,0,-26,80,124,24,28,-20,21,34,2,39,8,20,-92,-310,34,13,37,-36,2,-259,-29,-7,69,8,5,-241,32,14,0,-56,10,21,0,77,-19,-123,-53,-33,-83,-56,146,-139,180,195,140,304,156,39,157,253,-405,264,103,-101,-65,-36,-196,285,-153,70,29,-197,154,-30,249,0,3,3,3,3,3,3,3,26,-15,25,23,16,3,-69,17,16,29,-44,45,-27,-16,3,9,-16,29,-53,10,3,-24,12,-2,30,-45,56
0,-542,-150,-86,223,26,-52,127,-473,-18,38,-2,-2,15,-470,27,33,-254,-2,-1,-23,-52,-245,-7,-7,0,237,-11,74,12,-162,-23,14,0,240,-157,-222,-332,0,85,-192,0,0,0,0,0,0,-11,0,0,0,0,0,0,0,0,-16,0,0,0,0,0,0,0,0,0,0,19,-40,-57,85,-14,-28,-69,-63,-87,10,32,0,0,-38,-18,-16,-32,0,0,-92,0,-21,-32,-32,0,-2,-4,0,-51,-58,-11,0,0,0,0,0,0,0,0,0,232,0,-119,-4,0,-17,30,-31,0,0,0,0,204,122,339,0,0,0,-281,-12,-6,0,5,0,0,0,-361,16,185,91,45,81,-50,-316,-112,-4,19,-6,-42,396,-96,-55,138,-6,55,463,134,-293,-219,0,0,177,-38,91,-91,76,-3,29,0,-232,-25,70,-48,-145,-174,109,0,139,205,-33,-452,-316,-13,628,238,28,448,63,28,796,-571,-102,439,-10,-461,-245,-199,-540,255,237,-225,0,-11,-11,-11,-11,-11,-11,-11,-62,-8,13,1,-46,-36,-11,51,20,-12,44,-7,58,100,-80,-47,40,-1,-33,-31,-4,-67,11,20,-23,-1035,193
0,142,80,86,148,4,89,70,34,6,57,49,1,20,28,82,4,0,0,0,61,18,11,0,0,0,1,64,17,30,56,0,32,0,-117,-15,-12,-166,12,-213,50,0,0,0,0,0,0,0,-1,0,0,0,0,0,0,0,0,0,0,0,0,0,0,0,0,0,0,77,14,20,115,-153,4,81,0,0,1,44,0,4,310,124,1,0,0,-53,21,0,2,5,0,12,0,18,0,21,36,0,21,0,0,0,0,0,0,0,0,-88,-30,-80,-44,-80,12,-883,-342,0,-106,0,0,46,0,31,0,-35,0,-53,-78,-87,0,-5,0,-35,0,158,-262,215,162,27,-217,-42,205,-10,-32,4,-82,35,-250,-85,7,11,0,2,62,21,59,44,-7,-45,-119,97,7,87,61,2,18,0,-164,350,-228,-12,102,329,-55,409,-36,-126,-460,211,-121,367,391,-34,-5,-120,-318,90,-309,267,-65,47,103,-149,-41,-69,272,52,378,144,0,-1,-1,-1,-1,-1,-1,-1,56,-7,-18,-45,5,-5,-44,-1,-4,-10,-12,-34,28,-27,37,-2,-10,7,-32,6,-15,41,20,38,18,-77,-33
0,78,26,32,65,0,34,4,50,2,37,33,0,8,4,1,22,0,0,0,3,4,2,0,0,0,4,1,25,7,11,1,18,0,127,150,-239,5,2,-86,5,0,0,0,0,0,0,0,0,-5,0,0,0,0,0,0,0,0,0,0,0,0,0,0,0,0,0,61,-47,-331,-107,-63,-40,2,-53,-61,-104,-52,0,3,-58,-57,-53,0,0,1,-58,1,5,36,0,0,0,0,1,1,-103,0,-58,0,0,0,0,0,0,0,0,-36,29,171,0,18,1,-51,-93,0,0,0,0,102,5,149,0,0,0,0,1,34,18,73,0,0,0,165,-52,-96,11,-48,-69,7,-96,100,-134,-30,0,21,-288,-47,-16,-33,4,1,-22,28,-105,22,25,0,4,4,-30,8,-28,1,-23,0,-202,149,558,14,69,118,-70,5,-129,-200,-83,202,117,-147,56,-7,-238,76,88,-95,118,-59,174,-65,-350,252,14,30,226,-182,68,-71,0,-5,-5,-5,-5,-5,-5,-5,-13,-3,-23,-12,22,15,-54,-14,-5,-27,8,14,-7,16,5,29,-4,-35,26,2,6,26,-20,7,-9,-359,-47
0,0,0,0,0,0,0,0,0,0,0,0,0,0,0,1,0,0,0,0,0,0,0,0,0,0,0,0,0,0,0,0,0,0,0,2,1,3,1,1,0,0,0,0,0,0,0,0,0,0,1,0,0,0,0,0,0,0,0,0,0,0,0,0,0,0,0,0,0,0,0,0,0,0,0,0,0,0,0,0,0,1,0,0,0,0,0,0,0,0,0,0,0,0,0,0,0,0,0,0,0,0,0,0,0,0,0,0,0,1,1,0,0,7,4,0,1,0,0,0,0,0,0,0,0,1,0,2,0,0,0,0,0,1,2,2,3,0,1,0,0,0,0,1,0,0,2,4,0,0,0,0,0,0,0,0,0,0,1,0,0,0,0,0,0,0,46,26,17,8,7,6,10,0,0,9,8,0,0,1,0,10,8,0,6,0,10,0,0,0,0,8,0,8,0,0,0,0,0,1,1,1,1,1,1,1,0,0,1,1,0,0,1,1,1,1,0,1,0,1,0,0,0,0,1,0,1,0,0,0,0,13,1
0,-69,-11,-16,-43,-71,-23,18,24,6,0,1,0,1,34,50,0,0,0,0,7,6,2,-48,1,0,0,10,1,6,8,0,2,0,-24,7,-37,9,1,20,2,0,0,0,0,0,0,0,0,0,0,-1,0,0,0,0,0,0,0,0,0,0,0,0,0,0,0,-8,-42,-15,15,4,-15,5,0,0,0,3,0,0,0,0,0,0,-24,0,1,0,8,2,0,0,0,1,1,2,5,0,3,0,0,0,0,0,0,0,0,16,0,0,6,0,0,43,4,0,0,6,0,27,24,13,0,0,0,0,0,2,2,10,0,0,0,-172,44,26,-179,-78,49,75,8,0,3,9,0,1,39,18,0,-144,0,-24,67,29,30,-144,0,0,0,10,7,4,49,0,1,0,97,-28,20,156,136,-39,-110,82,54,7,79,-210,8,54,28,0,-86,9,-75,118,131,-143,38,-131,-120,0,79,99,26,-192,-170,44,0,-1,-1,-1,-1,-1,-1,-1,13,6,1,10,-21,1,17,10,0,-23,-1,-12,22,19,-9,-19,-13,-12,0,10,11,4,-12,-17,5,-44,18
0,0,0,0,0,0,0,0,0,0,0,0,0,0,0,0,0,0,0,0,0,0,0,0,0,0,0,0,0,0,0,0,0,0,0,0,0,0,0,0,0,0,0,0,0,0,0,0,0,0,0,0,0,0,0,0,0,0,0,0,0,0,0,0,0,0,0,0,0,0,0,0,0,0,0,0,0,0,0,0,0,0,0,0,0,0,0,0,0,0,0,0,0,0,0,0,0,0,0,0,0,0,0,0,0,0,0,0,0,0,0,0,0,0,0,0,0,0,0,0,0,0,0,0,0,0,0,0,0,0,0,0,0,0,0,0,0,0,0,0,0,0,0,0,0,0,0,0,0,0,0,0,0,0,0,0,0,0,0,0,0,0,0,0,0,0,0,0,0,0,0,0,0,0,0,0,0,0,0,0,0,0,0,0,0,0,0,0,0,0,0,0,0,0,0,0,0,0,0,0,0,0,0,0,0,0,0,0,0,0,0,0,0,0,0,0,0,0,0,0,0,0,0,0,0,0,0,0,0,0,0,0,0
0,98,61,-29,25,0,25,18,0,-55,15,0,3,7,17,-163,-62,3,0,1,40,15,-56,11,0,0,1,22,0,-57,11,0,16,0,70,39,-22,7,1,65,0,0,0,0,0,0,0,0,0,0,0,0,0,3,0,0,1,0,0,0,0,0,0,0,0,0,0,-43,23,8,23,2,34,32,2,0,0,3,0,0,17,7,0,0,0,0,12,8,3,1,0,0,0,3,0,6,3,0,-48,0,0,0,0,0,0,0,0,48,35,61,0,0,0,117,84,7,0,0,0,96,18,4,0,0,0,1,22,2,11,78,0,7,0,-74,-36,97,93,30,35,92,-39,39,27,3,7,2,82,-11,31,7,0,4,48,32,-37,10,2,0,18,34,9,-43,63,4,-18,0,100,38,-4,-56,-9,-135,-221,-301,-229,-343,107,110,41,237,-247,-246,70,60,193,-169,159,-268,135,158,220,154,-411,129,-187,188,56,-128,0,3,3,3,3,3,3,3,-29,-21,-24,12,12,5,47,-33,-27,8,6,26,3,24,-34,21,16,22,18,-33,14,-27,35,6,-17,230,38
0,-153,145,129,10,29,-322,42,28,-41,-81,14,-20,0,99,-79,1,40,4,23,537,31,134,-32,82,3,36,71,59,-95,-206,0,40,0,-613,-259,-199,-287,21,260,-32,0,0,0,0,0,0,0,0,0,0,0,0,0,7,0,2,0,0,0,0,0,0,0,0,0,0,604,271,269,441,-153,278,241,18,117,4,22,17,15,78,-91,4,20,6,17,154,198,127,8,18,0,3,103,35,16,185,0,277,0,0,0,0,0,0,0,0,40,53,-99,11,53,17,55,-538,10,41,1,0,66,-172,113,0,5,0,-134,-221,147,-64,-542,0,-327,0,-289,79,130,122,59,234,-464,-183,103,-19,74,12,92,-253,-191,27,60,14,85,150,70,-148,39,74,2,-31,-125,-90,-142,-186,17,-16,0,203,-203,-244,-28,100,-412,584,597,81,-445,535,-42,356,228,619,-26,109,115,-74,-147,-64,43,-763,-521,-216,296,172,-203,-162,-171,643,-1,0,7,7,7,7,7,7,7,50,36,-64,65,2,48,21,-28,2,27,14,-6,76,7,27,-93,-34,-21,17,0,-5,-43,-92,66,-2,119,-73
0,-156,-119,-61,546,-360,732,-68,521,-9,181,264,110,-466,681,575,-148,382,1,40,-749,649,1446,-418,177,3,-292,241,250,-68,360,67,735,0,53,-963,530,497,218,656,369,0,0,0,0,0,0,0,0,0,0,0,0,0,0,-7,392,0,0,0,0,0,0,0,0,0,0,558,620,38,-354,48,-552,-804,54,126,804,-106,187,-276,-535,212,155,-133,28,19,401,393,-152,-225,20,4,-299,-81,44,550,468,297,-538,0,0,0,0,0,0,0,0,-247,-424,-750,-378,656,718,317,-1002,-117,164,0,0,-662,-190,-276,0,157,7,-166,57,340,-493,-365,0,-123,0,145,-148,-52,973,-345,433,179,-554,-84,-918,-227,974,758,1056,672,-302,176,-133,-335,-250,-118,-1013,721,90,-183,-1225,314,-191,280,702,427,-182,0,291,369,-359,-375,383,-1186,-282,36,-6,-77,-76,23,-184,-289,-527,-428,-279,-66,-193,-570,-554,293,-241,246,113,-308,-111,132,-29,-535,29,306,0,-7,-7,-7,-7,-7,-7,-7,-19,-57,-76,-85,195,55,123,-7,-84,31,-17,-108,-183,18,-7,31,69,-5,-229,42,51,33,63,82,14,-812,142
0,0,0,0,0,0,0,0,0,0,0,0,0,0,0,0,0,0,0,0,0,0,0,0,0,0,0,0,0,0,0,0,0,0,0,0,0,0,0,0,0,0,0,0,0,0,0,0,0,0,0,0,0,0,0,0,0,0,0,0,0,0,0,0,0,0,0,0,0,0,0,0,0,0,0,0,0,0,0,0,0,0,0,0,0,0,0,0,0,0,0,0,0,0,0,0,0,0,0,0,0,0,0,0,0,0,0,0,0,0,0,0,0,0,0,0,0,0,0,0,0,0,0,0,0,0,0,0,0,0,0,0,0,0,0,0,0,0,0,0,0,0,0,0,0,0,0,0,0,0,0,0,0,0,0,0,0,0,0,0,0,0,0,0,0,0,0,0,0,0,0,0,0,0,0,0,0,0,0,0,0,0,0,0,0,0,0,0,0,0,0,0,0,0,0,0,0,0,0,0,0,0,0,0,0,0,0,0,0,0,0,0,0,0,0,0,0,0,0,0,0,0,0,0,0,0,0,0,0,0,0,0,0
0,0,0,3,0,3,4,0,3,0,1,0,1,0,2,0,0,0,0,0,0,0,0,0,0,0,2,1,0,0,2,0,2,0,0,1,3,0,2,2,0,0,0,0,0,0,0,0,0,0,0,0,0,0,0,0,0,2,0,0,0,0,0,0,0,0,0,0,0,0,0,0,0,0,0,0,0,0,0,0,0,0,0,0,0,0,0,0,2,0,0,0,0,0,0,0,0,0,0,0,0,0,0,0,0,0,0,2,0,1,0,0,0,1,0,0,0,0,0,0,0,1,0,0,0,0,0,0,0,4,0,0,0,1,3,4,0,2,7,5,5,0,2,0,1,0,4,0,0,0,0,0,0,0,3,0,2,0,1,1,2,0,2,0,2,0,92,52,26,16,9,3,12,0,0,6,0,18,0,3,0,9,10,0,0,10,0,4,8,16,10,7,8,8,0,2,10,16,0,2,2,2,2,2,2,2,1,0,1,0,2,0,1,0,1,1,0,0,1,0,1,1,2,1,1,1,1,0,1,1,2,37,2
0,65,69,47,37,9,72,14,5,-246,40,4,0,5,0,-108,0,0,0,0,89,2,25,18,7,120,5,4,0,16,29,0,24,0,-21,-16,-139,6,0,-106,6,0,0,0,0,0,0,0,0,0,0,0,0,0,0,0,2,0,-1,0,0,0,0,0,0,0,0,85,13,153,3,6,-8,0,20,5,2,0,0,5,15,0,0,0,0,0,3,9,25,35,-30,21,10,10,-70,-22,3,0,-28,0,0,0,0,0,0,0,0,5,115,0,0,0,0,-6,-114,0,0,0,0,-135,0,14,0,0,0,0,0,0,0,13,0,0,0,148,53,-32,138,35,-214,60,39,-249,20,9,0,10,-163,2,0,0,0,0,20,8,109,29,-3,9,25,18,-35,57,9,5,125,0,-76,-157,94,-42,-58,248,-100,191,554,38,-223,-50,30,-256,170,90,40,0,57,-87,81,173,36,-124,-33,60,58,-195,-31,-13,5,-157,0,-1,-1,-1,-1,-1,-1,-1,26,2,10,-21,-5,5,-41,-5,9,4,0,8,-11,10,22,15,-15,-1,10,9,-30,2,3,1,-17,-95,-2
0,303,71,38,113,2,85,3,61,19,5,22,0,35,11,40,90,1,88,2,493,200,11,0,9,0,319,6,3,61,188,2,36,0,-237,-92,-19,-66,6,27,2,0,0,0,0,0,0,0,0,0,0,0,0,0,0,0,2,0,0,2,0,0,0,0,0,0,0,-238,84,128,-110,9,30,0,9,7,2,1,0,60,6,11,1,7,1,0,40,9,-128,3,1,0,119,0,1,116,60,2,10,0,0,0,0,0,0,0,0,-380,7,20,0,0,-345,119,36,0,4,-119,0,-243,-186,-126,0,0,0,-151,9,-32,-95,-495,0,-51,0,244,-32,-164,-59,21,214,42,160,17,34,-11,6,109,128,32,90,14,1,13,247,168,165,5,12,1,-43,12,26,-128,-423,4,-2,0,66,-70,48,4,-22,-340,-73,0,255,149,-76,-276,-69,35,261,-171,14,-371,-253,313,-179,-364,149,247,-401,-229,113,-128,106,480,-288,10,0,2,2,2,2,2,2,2,-15,31,21,-6,-27,-21,30,38,1,4,-40,-17,85,10,-44,20,27,-40,2,14,-13,6,-19,-28,1,424,-100
0,121,118,95,62,5,82,69,62,0,2,14,15,9,23,31,0,0,0,0,51,28,40,2,1,1,7,76,5,36,116,0,85,0,-192,-209,-152,44,6,166,56,0,0,0,0,0,0,0,0,0,0,0,0,0,0,0,2,0,0,0,2,0,0,0,0,0,0,-23,69,46,-106,5,27,88,5,10,7,12,5,8,30,18,0,5,0,4,57,0,14,3,13,0,4,29,3,6,20,0,32,0,0,0,0,0,0,0,0,-20,12,33,0,0,-162,-91,-124,0,-41,0,0,124,15,-30,0,0,0,8,-87,9,-61,-317,0,-104,0,50,77,-84,15,29,131,-202,39,18,34,29,11,-31,-6,35,7,38,5,1,83,16,-24,50,10,3,4,-5,-215,-16,57,-19,-49,0,36,36,125,-25,-29,-396,248,-276,300,221,-67,368,-394,154,20,-87,-332,-5,-73,55,-79,149,-77,-174,256,152,5,128,5,-306,-163,155,0,2,2,2,2,2,2,2,-19,34,30,-1,40,-57,11,-2,-8,-33,0,2,37,-2,15,-2,-15,26,18,2,-7,-3,-43,-19,16,173,-14
0,0,1,0,0,0,1,0,0,1,0,1,0,0,0,1,0,0,0,0,0,0,0,0,0,0,0,0,1,0,0,0,0,0,2,0,1,3,0,1,0,0,0,0,0,0,0,0,0,0,0,0,0,0,0,0,0,0,0,0,0,1,0,0,0,0,0,0,0,0,0,0,0,0,0,0,0,0,0,0,0,0,0,0,0,0,0,0,0,0,0,0,0,0,0,0,0,0,0,0,0,0,0,0,0,0,0,0,0,0,0,0,0,1,2,0,0,0,0,0,0,0,0,0,0,0,0,0,0,0,0,0,0,3,1,3,3,1,2,0,0,1,0,1,0,0,0,3,0,0,0,0,0,0,0,0,0,0,0,0,0,0,0,0,0,0,46,28,15,8,7,4,10,0,8,0,8,0,0,9,4,10,0,10,0,0,10,0,0,0,10,10,0,8,0,0,0,0,0,1,1,1,1,1,1,1,0,1,0,1,0,0,1,1,1,0,1,0,0,1,0,0,0,1,1,0,1,0,0,0,0,13,0
0,15,17,-14,8,0,-1,3,21,8,1,0,0,4,-28,11,0,0,0,0,-32,2,1,0,4,1,10,-26,5,1,18,0,16,0,28,26,43,8,0,-162,0,0,0,0,0,0,0,0,0,0,0,0,0,0,0,0,0,0,0,0,0,0,1,0,0,0,0,7,9,14,14,3,10,7,3,0,3,1,0,1,9,0,1,0,0,0,7,0,1,0,2,0,2,5,1,0,6,0,8,0,0,0,0,0,0,0,0,28,23,1,8,0,23,-34,24,3,3,0,0,-211,-123,4,0,0,0,2,-66,4,3,98,0,-41,0,111,-23,-73,76,6,32,-49,9,25,7,14,0,15,-28,30,0,0,0,0,14,8,10,4,8,5,18,-41,11,40,94,0,-4,0,84,-5,43,-27,-1,129,148,-291,83,56,-200,50,137,-39,25,86,37,140,68,92,-157,24,60,-204,194,128,-18,-201,-35,44,70,-132,0,1,1,1,1,1,1,1,-23,15,7,-21,5,18,-12,9,9,4,14,8,-13,-27,4,8,-19,20,16,-13,-18,1,26,7,-15,33,-4
0,363,138,-90,347,6,-19,-243,82,70,212,58,2,67,-17,-157,11,20,0,21,169,89,42,19,8,0,37,12,7,-23,265,5,30,0,-1448,197,444,133,-105,-247,-137,0,0,0,0,0,0,0,0,0,0,0,0,0,0,0,3,0,0,0,0,0,0,3,0,0,0,695,-60,85,-580,26,141,293,145,37,-77,18,15,17,-65,54,4,18,1,-113,-474,-134,31,28,9,3,70,236,16,21,389,17,24,0,0,0,0,0,0,0,0,26,-58,-159,-68,1,-108,-706,292,33,-64,0,0,-549,-146,3,0,4,0,-544,-229,-90,-113,-124,0,0,0,-450,-61,-538,9,-47,-3,-209,438,78,352,10,52,-100,50,20,32,6,1,278,202,126,104,126,8,9,-438,-69,56,-56,-371,111,92,0,-49,-113,129,-113,144,152,59,-611,365,133,454,10,14,-432,-609,609,-410,288,307,-318,88,224,-117,180,58,485,-54,148,-329,-132,-393,558,0,3,3,3,3,3,3,3,8,51,49,51,8,-11,-117,-40,69,-43,29,35,-97,-9,45,8,21,7,-39,-10,17,-50,3,-26,71,321,-109
0,2,1,0,0,0,0,0,0,0,0,0,0,0,0,0,1,0,0,0,1,0,0,0,0,0,0,0,0,0,2,0,1,0,0,2,3,0,0,0,0,0,0,0,0,0,0,0,0,0,0,0,0,0,0,0,0,0,0,0,0,0,0,0,1,0,0,0,0,0,0,0,0,0,0,0,0,0,0,0,0,0,0,0,0,0,0,0,0,0,0,0,0,0,0,0,0,0,0,0,0,0,0,0,0,0,0,0,0,1,0,0,0,0,0,0,0,0,0,1,0,0,0,0,0,0,0,0,0,2,0,0,0,3,2,1,0,0,0,0,0,0,1,0,0,0,0,5,1,0,0,0,4,0,0,0,0,0,0,0,0,0,1,0,1,0,46,23,16,8,8,8,10,0,10,8,0,0,0,0,5,8,0,0,0,4,0,0,0,0,10,0,0,10,0,5,9,8,0,1,1,1,1,1,1,1,0,1,1,0,0,0,0,1,1,0,0,0,1,0,0,0,0,1,0,0,1,0,1,1,1,13,0
0,-41,720,-114,-1019,-136,-598,-541,325,822,1145,-263,-274,-545,-792,90,-330,30,-34,-243,-957,-291,-456,-510,271,94,-378,-286,-308,782,1303,145,228,0,1126,1104,425,2200,-374,-687,4688,0,0,0,0,0,0,0,0,0,0,0,0,0,0,0,481,0,0,0,0,0,0,0,0,-2,0,-250,-21,-329,-49,279,-324,-477,159,-176,1001,-175,-447,-324,321,-213,293,-202,-179,125,502,118,-148,-765,427,0,-231,-408,235,-1254,-15,-10,48,0,0,0,0,0,0,0,0,-1141,-91,235,2,-60,605,113,834,-578,-471,-374,0,202,45,79,0,-407,0,800,120,-623,177,1,-314,0,0,306,-557,-105,-65,-143,245,186,-20,-186,57,-1073,-231,-302,339,-319,-540,694,208,-145,-449,-166,-226,37,-667,314,967,-29,800,1031,-74,-772,-8,0,-325,-192,-227,834,358,1191,-347,-203,-264,-36,-122,154,-337,-4,-142,-251,-21,-161,-126,-8,-112,-110,79,-1,-88,-143,-118,34,15,-15,-67,149,0,-2,-2,-2,-2,-2,-2,-2,-88,40,261,-54,-53,-127,-12,25,-140,3,-54,145,-71,-40,-70,57,-38,32,88,-44,33,9,120,-40,-2,-44,-619
