0,0,0,0,0,0,0,0,0,0,0,0,0,0,0,0,0,0,0,0,0,0,0,0,0,0,0,0,0,0,0,0,0,0,0,0,0,0,0,0,0,0,0,0,0,0,0,0,0,0,0,0,0,0,0,0,0,0,0,0,0,0,0,0,0,0,0,0,0,0,0,0,0,0,0,0,0,0,0,0,0,0,0,0,0,0,0,0,0,0,0,0,0,0,0,0,0,0,0,0,0,0,0,0,0,0,0,0,0,0,0,0,0,0,0,0,0,0,0,0,0,0,0,0,0,0,0,0,0,0,0,0,0,0,0,0,0,0,0,0,0,0,0,0,0,0,0,0,0,0,0,0,0,0,0,0,0,0,0,0,0,0,0,0,0,0,0,0,0,0,0,0,0,0,0,0,0,0,0,0,0,0,0,0,0,0,0,0,0,0,0,0,0,0,0,0,0,0,0,0,0,0,0,0,0,0,0,0,0,0,0,0,0,0,0,0,0,0,0,0,0,0,0,0,0,0,0,0,0,0,0,0,0
0,0,0,0,0,0,0,0,0,0,0,0,0,0,0,0,0,0,0,0,0,0,0,0,0,0,0,0,0,0,0,0,0,0,0,0,0,0,0,0,0,0,0,0,0,0,0,0,0,0,0,0,0,0,0,0,0,0,0,0,0,0,0,0,0,0,0,0,0,0,0,0,0,0,0,0,0,0,0,0,0,0,0,0,0,0,0,0,0,0,0,0,0,0,0,0,0,0,0,0,0,0,0,0,0,0,0,0,0,0,0,0,0,0,0,0,0,0,0,0,0,0,0,0,0,0,0,0,0,0,0,0,0,0,0,0,0,0,0,0,0,0,0,0,0,0,0,0,0,0,0,0,0,0,0,0,0,0,0,0,0,0,0,0,0,0,0,0,0,0,0,0,0,0,0,0,0,0,0,0,0,0,0,0,0,0,0,0,0,0,0,0,0,0,0,0,0,0,0,0,0,0,0,0,0,0,0,0,0,0,0,0,0,0,0,0,0,0,0,0,0,0,0,0,0,0,0,0,0,0,0,0,0
0,0,0,0,0,0,0,0,0,0,0,0,0,0,0,0,0,0,0,0,0,0,0,0,0,0,0,0,0,0,0,0,0,0,0,0,0,0,0,0,0,0,0,0,0,0,0,0,0,0,0,0,0,0,0,0,0,0,0,0,0,0,0,0,0,0,0,0,0,0,0,0,0,0,0,0,0,0,0,0,0,0,0,0,0,0,0,0,0,0,0,0,0,0,0,0,0,0,0,0,0,0,0,0,0,0,0,0,0,0,0,0,0,0,0,0,0,0,0,0,0,0,0,0,0,0,0,0,0,0,0,0,0,0,0,0,0,0,0,0,0,0,0,0,0,0,0,0,0,0,0,0,0,0,0,0,0,0,0,0,0,0,0,0,0,0,0,0,0,0,0,0,0,0,0,0,0,0,0,0,0,0,0,0,0,0,0,0,0,0,0,0,0,0,0,0,0,0,0,0,0,0,0,0,0,0,0,0,0,0,0,0,0,0,0,0,0,0,0,0,0,0,0,0,0,0,0,0,0,0,0,0,0
0,0,0,0,0,0,0,0,0,0,0,0,0,0,0,0,0,0,0,0,0,0,0,0,0,0,0,0,0,0,0,0,0,0,0,0,0,0,0,0,0,0,0,0,0,0,0,0,0,0,0,0,0,0,0,0,0,0,0,0,0,0,0,0,0,0,0,0,0,0,0,0,0,0,0,0,0,0,0,0,0,0,0,0,0,0,0,0,0,0,0,0,0,0,0,0,0,0,0,0,0,0,0,0,0,0,0,0,0,0,0,0,0,0,0,0,0,0,0,0,0,0,0,0,0,0,0,0,0,0,0,0,0,0,0,0,0,0,0,0,0,0,0,0,0,0,0,0,0,0,0,0,0,0,0,0,0,0,0,0,0,0,0,0,0,0,0,0,0,0,0,0,0,0,0,0,0,0,0,0,0,0,0,0,0,0,0,0,0,0,0,0,0,0,0,0,0,0,0,0,0,0,0,0,0,0,0,0,0,0,0,0,0,0,0,0,0,0,0,0,0,0,0,0,0,0,0,0,0,0,0,0,0
0,0,0,0,0,0,0,0,0,0,0,0,0,0,0,0,0,0,0,0,0,0,0,0,0,0,0,0,0,0,0,0,0,0,0,0,0,0,0,0,0,0,0,0,0,0,0,0,0,0,0,0,0,0,0,0,0,0,0,0,0,0,0,0,0,0,0,0,0,0,0,0,0,0,0,0,0,0,0,0,0,0,0,0,0,0,0,0,0,0,0,0,0,0,0,0,0,0,0,0,0,0,0,0,0,0,0,0,0,0,0,0,0,0,0,0,0,0,0,0,0,0,0,0,0,0,0,0,0,0,0,0,0,0,0,0,0,0,0,0,0,0,0,0,0,0,0,0,0,0,0,0,0,0,0,0,0,0,0,0,0,0,0,0,0,0,0,0,0,0,0,0,0,0,0,0,0,0,0,0,0,0,0,0,0,0,0,0,0,0,0,0,0,0,0,0,0,0,0,0,0,0,0,0,0,0,0,0,0,0,0,0,0,0,0,0,0,0,0,0,0,0,0,0,0,0,0,0,0,0,0,0,0
0,0,0,0,0,0,0,0,0,0,0,0,0,0,0,0,0,0,0,0,0,0,0,0,0,0,0,0,0,0,0,0,0,0,0,0,0,0,0,0,0,0,0,0,0,0,0,0,0,0,0,0,0,0,0,0,0,0,0,0,0,0,0,0,0,0,0,0,0,0,0,0,0,0,0,0,0,0,0,0,0,0,0,0,0,0,0,0,0,0,0,0,0,0,0,0,0,0,0,0,0,0,0,0,0,0,0,0,0,0,0,0,0,0,0,0,0,0,0,0,0,0,0,0,0,0,0,0,0,0,0,0,0,0,0,0,0,0,0,0,0,0,0,0,0,0,0,0,0,0,0,0,0,0,0,0,0,0,0,0,0,0,0,0,0,0,0,0,0,0,0,0,0,0,0,0,0,0,0,0,0,0,0,0,0,0,0,0,0,0,0,0,0,0,0,0,0,0,0,0,0,0,0,0,0,0,0,0,0,0,0,0,0,0,0,0,0,0,0,0,0,0,0,0,0,0,0,0,0,0,0,0,0
0,0,0,0,0,0,0,0,0,0,0,0,0,0,0,0,0,0,0,0,0,0,0,0,0,0,0,0,0,0,0,0,0,0,0,0,0,0,0,0,0,0,0,0,0,0,0,0,0,0,0,0,0,0,0,0,0,0,0,0,0,0,0,0,0,0,0,0,0,0,0,0,0,0,0,0,0,0,0,0,0,0,0,0,0,0,0,0,0,0,0,0,0,0,0,0,0,0,0,0,0,0,0,0,0,0,0,0,0,0,0,0,0,0,0,0,0,0,0,0,0,0,0,0,0,0,0,0,0,0,0,0,0,0,0,0,0,0,0,0,0,0,0,0,0,0,0,0,0,0,0,0,0,0,0,0,0,0,0,0,0,0,0,0,0,0,0,0,0,0,0,0,0,0,0,0,0,0,0,0,0,0,0,0,0,0,0,0,0,0,0,0,0,0,0,0,0,0,0,0,0,0,0,0,0,0,0,0,0,0,0,0,0,0,0,0,0,0,0,0,0,0,0,0,0,0,0,0,0,0,0,0,0
0,-94,6,8,-17,16,16,-2,-39,8,2,12,-4,5,-14,0,-12,0,-6,-5,24,-26,19,7,-7,0,-9,10,-7,-3,36,-2,27,0,-16,-9,-48,-4,17,-29,6,8,0,-5,-5,8,3,20,0,0,-2,0,0,33,12,19,0,3,0,-6,4,2,-2,19,5,0,0,15,-20,-56,-7,-15,-22,1,-4,0,0,3,0,0,1,-10,13,0,0,0,-26,5,-26,9,-15,0,-5,0,0,30,20,0,-22,0,0,0,0,0,0,0,0,56,1,2,2,9,0,37,-10,4,0,0,0,103,13,-24,0,1,0,0,2,-12,7,77,0,10,0,-77,-24,-4,-18,-5,40,-9,-75,15,-19,3,0,-12,3,-3,13,-47,0,0,125,66,-111,-52,-12,0,-3,11,0,16,33,4,9,0,-28,30,107,-17,-21,-15,-40,64,-124,-70,-36,27,-36,-67,133,-75,-161,36,-78,45,-59,-205,-44,26,130,-9,8,-118,42,83,33,77,0,-1,-1,-1,-1,-1,-1,-1,-1,-10,-9,-2,4,-4,-5,11,-5,-21,3,6,25,-1,-37,-10,0,13,-4,3,-14,9,26,4,9,52,-9
0,-10,-1,-11,9,-6,0,6,3,-5,1,-6,5,3,-6,0,0,0,-5,-6,-6,8,18,0,-5,0,-11,0,1,2,15,0,0,0,-16,11,7,-6,0,-4,0,0,-2,6,0,0,0,-9,0,0,2,0,0,-2,9,-13,0,-1,0,-7,0,1,-4,11,0,6,0,-20,-9,5,9,-1,-6,3,0,0,2,0,0,0,-1,0,0,0,0,0,17,-9,-1,0,-1,0,-6,3,1,2,-6,0,0,0,0,0,0,0,0,0,0,-7,4,6,0,0,0,-32,0,0,3,0,0,11,-9,-14,0,0,0,-6,0,20,2,7,0,0,0,7,-15,1,-3,1,-9,15,-43,18,-10,-4,0,15,-36,7,2,5,0,0,-35,-9,-25,0,-3,0,-17,3,8,3,9,0,7,0,11,13,-14,-30,6,19,-30,-23,-9,41,-5,-35,22,-60,53,-11,30,65,-7,15,8,49,40,-4,-50,-69,24,-1,39,-26,10,56,0,0,0,0,0,0,0,0,-7,0,5,-1,-3,4,-15,6,-1,4,6,-3,0,0,1,5,-2,-5,-13,3,3,4,1,1,7,-1,-14
0,-22,-19,-10,-13,-3,-4,0,12,13,16,0,-2,1,5,-4,0,-5,2,0,39,4,6,2,0,0,8,0,0,1,1,0,3,0,-36,5,-2,-12,0,1,0,0,5,1,0,0,0,-1,0,0,0,0,0,18,1,1,0,0,0,0,0,3,2,0,0,2,0,-5,-6,-4,1,-7,-1,-10,8,-1,2,-1,0,0,4,-2,0,0,0,0,12,0,3,10,0,0,0,0,1,-2,-2,0,0,0,0,0,0,0,0,0,0,2,1,1,0,4,0,3,-2,0,2,0,0,47,5,0,0,0,0,0,0,2,0,-3,0,1,0,-4,9,-6,-9,1,23,0,-4,2,-3,-2,6,5,-11,-2,1,-8,0,0,32,12,0,2,-1,0,1,-5,0,-7,-27,0,2,0,0,-7,18,-8,9,-19,10,-8,8,-16,-32,-28,-6,-50,50,19,21,-12,-37,2,-23,-10,-14,11,-40,-9,-45,-26,-24,-18,49,14,0,0,0,0,0,0,0,0,1,3,0,-3,-2,0,-5,4,2,1,-1,-4,15,0,0,0,1,-4,0,-5,-2,-3,-5,5,2,47,-3
0,-21,11,-43,-20,-5,-91,0,-18,-23,-32,-1,0,0,-28,-12,0,0,12,2,-72,-21,-35,0,0,0,-12,-6,0,-4,-89,0,0,0,81,-45,-47,-32,-14,-16,0,0,-2,-7,0,0,0,6,0,0,0,0,7,-7,-24,18,0,0,0,1,0,-7,0,5,0,0,0,-24,-13,-12,3,0,8,-6,0,6,0,0,0,0,15,0,0,0,2,0,-4,9,0,0,0,0,-12,-6,0,8,-24,0,0,0,0,0,0,0,0,0,0,48,4,0,0,14,16,86,0,0,0,1,0,123,34,67,0,5,0,7,0,0,15,21,0,0,0,69,22,104,-70,14,-20,-54,-63,89,-56,-3,-10,-2,-30,-82,-1,-26,0,0,-17,-8,-44,-29,-11,0,-18,-12,-11,21,-17,-11,5,0,-6,-3,-16,-1,-3,111,50,-117,1,35,-11,-54,-74,151,-6,11,-314,74,9,57,0,54,101,-124,130,47,-36,48,70,-39,71,40,0,-1,-1,-1,-1,-1,-1,-1,-15,9,-6,-1,-5,-6,20,-10,1,-34,9,1,8,-1,6,9,-13,13,2,-6,3,11,-16,6,5,-5,2
0,-22,3,-254,48,0,176,0,36,0,0,72,103,72,13,-6,0,0,0,72,96,8,-23,-14,0,0,0,0,-106,41,-14,-7,-46,0,-95,-103,30,-96,0,-55,0,0,-13,-10,0,-89,0,12,0,0,0,0,0,-44,51,0,0,0,0,6,0,-44,3,59,0,56,0,-66,-26,107,-68,-14,-9,0,-7,0,0,-13,12,0,2,-9,0,6,0,0,-12,3,-11,-35,2,0,4,0,29,-9,-5,0,13,0,0,0,0,0,0,0,0,50,0,0,-60,39,2,46,-17,0,3,0,0,100,7,55,0,7,0,10,4,65,-32,-12,0,0,0,-55,-35,69,-62,14,-165,4,-7,-78,0,3,-4,14,23,60,72,-6,-9,0,-139,-47,56,-7,6,0,19,0,-51,22,69,0,21,0,-54,123,58,51,-8,45,-30,-202,-13,-21,-72,-74,-78,-89,12,118,-3,-11,-284,182,41,16,-168,5,-50,151,16,-43,-67,19,-73,161,0,-1,-1,-1,-1,-1,-1,-1,-13,-13,-4,-7,-1,1,1,4,19,0,-2,-14,18,-1,8,-28,2,-5,19,2,-15,-6,12,-8,21,56,-18
0,-78,25,-31,-21,10,15,0,0,0,0,0,0,1,0,0,5,0,0,0,-5,0,0,0,0,0,0,0,0,5,25,0,-42,0,-31,-25,138,37,0,-84,0,0,0,-5,0,0,0,0,0,0,5,0,0,111,0,0,0,0,0,0,0,0,-42,0,0,1,0,128,32,-52,0,0,0,0,0,0,37,0,0,0,0,0,0,0,0,0,0,0,0,0,0,0,0,0,0,37,0,0,0,0,0,0,0,0,0,0,0,0,0,-42,0,0,0,0,0,0,0,0,0,-5,1,0,0,0,0,0,0,0,5,74,0,0,0,-73,49,28,20,-79,69,0,0,1,0,5,0,1,0,0,0,0,0,0,-10,5,0,0,0,0,-5,0,0,-5,34,0,-36,0,46,-51,-63,3,77,8,10,0,9,-40,45,50,8,10,0,45,-5,10,0,35,4,0,0,10,0,-45,0,10,0,-73,-40,-32,0,1,1,1,1,1,1,1,0,1,-5,5,5,1,1,0,5,0,1,0,0,1,0,0,1,0,-5,0,1,0,6,-4,-4,72,-5
0,-111,73,-92,152,35,204,0,74,222,170,159,52,-52,413,-18,-16,99,22,112,-383,-115,-131,-26,51,0,160,6,155,-1,-353,0,8,0,-487,-296,-3,-360,-7,-412,-122,13,-56,41,-4,35,0,-262,0,0,-38,32,6,130,117,101,0,10,0,108,59,11,21,128,0,67,0,158,108,113,112,2,-105,34,-8,-137,11,-25,73,0,61,0,0,56,0,-63,52,-137,13,86,-24,0,47,-62,54,-97,110,0,-97,0,0,0,0,0,0,0,0,-49,-62,35,15,187,0,271,-12,0,-27,59,0,202,-123,-15,0,-20,0,-132,0,63,70,200,0,62,0,90,371,41,133,-38,252,56,-325,97,-146,-9,121,-44,-213,-351,-6,-9,36,69,13,98,-180,-83,-58,0,-151,61,110,-55,101,3,-4,0,61,-76,-107,132,-16,37,-266,91,-134,119,-224,-78,-64,-53,31,-248,-131,77,147,-88,109,234,135,202,180,-147,-34,-123,2,26,77,58,0,-3,-3,-3,-3,-3,-3,-3,-26,-24,25,-21,39,-16,-3,-35,-27,-5,16,27,-40,-3,-3,14,8,18,-17,3,27,-6,5,8,6,145,-48
0,-11,17,-2,-3,0,4,0,0,-4,6,0,0,0,0,3,0,0,0,0,24,2,0,0,0,0,0,12,0,0,-2,0,4,0,-2,-14,1,-5,-2,-5,0,0,-2,0,0,0,0,0,11,2,0,0,0,6,0,0,0,0,0,0,0,0,0,0,0,-2,0,3,0,0,4,0,0,-12,0,0,0,2,2,0,0,0,0,0,0,2,14,4,0,0,0,0,0,0,0,1,-1,0,0,0,0,0,0,0,0,0,0,0,0,0,0,0,0,0,-4,0,0,0,0,12,0,-1,0,0,0,0,-6,0,0,0,0,0,0,9,-10,5,1,2,-10,-6,-2,-2,-6,0,-2,2,0,-2,4,0,0,0,-20,0,0,0,-1,0,0,0,-2,-1,-8,0,1,0,-6,0,-3,4,0,11,18,-8,-12,1,0,11,18,0,-1,14,-16,0,0,12,-6,-9,8,1,10,-10,0,-8,-8,-18,0,7,0,0,0,0,0,0,0,0,-1,-2,0,0,1,2,0,0,2,-2,0,0,4,0,-1,1,0,1,-1,0,-1,-1,-3,0,1,0,7
0,-3,-2,0,-2,-3,-1,0,-1,-3,-1,0,0,0,-1,0,-1,0,0,0,4,2,1,0,0,0,0,0,0,-2,4,0,0,0,1,0,1,-2,0,-1,0,-1,1,0,0,0,0,0,0,0,0,0,0,1,-1,0,0,0,0,0,0,0,0,1,0,0,0,1,0,0,0,0,0,0,0,1,0,0,0,0,0,0,0,0,0,0,0,0,0,0,0,0,0,0,0,0,0,0,0,0,0,0,0,0,0,0,0,0,0,0,0,0,0,-1,0,0,0,0,0,1,0,1,0,0,0,0,0,0,0,0,0,0,0,1,-7,-5,-3,-1,-2,0,-5,1,-1,-1,0,0,-1,0,1,0,1,0,11,5,2,0,0,0,1,0,0,0,0,0,0,0,-1,7,7,3,4,4,0,-3,1,2,-9,-10,0,-7,10,0,0,-1,0,-7,-7,6,-8,0,10,-1,0,0,-8,5,10,0,0,0,0,0,0,0,0,0,-1,0,0,-1,-1,0,-1,1,0,0,0,0,1,0,1,-1,0,1,0,0,0,-1,1,1,0,-9,0
0,2,-2,-2,2,0,0,0,0,0,0,0,0,0,2,0,0,0,0,0,-5,0,0,0,1,0,0,-2,0,0,-4,0,1,0,2,0,0,0,0,0,0,0,0,0,0,-6,0,2,0,0,0,0,0,0,0,0,0,0,0,0,-2,0,0,-2,0,0,0,4,0,0,2,0,0,0,0,0,0,0,0,0,0,0,0,0,0,2,-2,0,-2,0,-2,0,0,0,0,0,0,0,-2,0,0,0,0,0,0,0,0,0,0,0,0,-2,0,3,0,0,1,0,0,0,0,0,0,0,0,1,0,0,0,1,0,0,0,7,-4,-4,3,0,-4,0,0,0,4,0,0,-6,5,0,0,3,0,0,-6,2,-4,0,-2,0,1,0,0,0,3,0,-1,0,0,6,6,0,0,4,16,10,0,6,0,-2,-14,7,0,0,-4,10,5,3,-2,-4,0,-7,0,8,-6,10,0,2,0,-8,0,0,0,0,0,0,0,0,1,0,1,0,-1,-2,2,0,0,0,1,1,-1,0,-1,0,-1,0,1,-1,1,0,0,0,-1,-9,2
0,45,0,0,-9,0,51,0,0,48,0,25,0,0,48,0,9,0,-25,0,-77,-12,-2,0,0,0,0,0,0,0,30,0,0,0,-87,-10,-3,34,0,7,0,0,-12,0,0,0,0,-20,0,0,0,0,0,15,10,-5,0,0,0,0,-4,0,0,0,0,5,0,-3,7,28,-30,18,-3,-4,0,0,0,-15,0,0,-38,0,10,0,7,0,32,-38,0,0,0,0,28,-2,0,0,7,0,7,0,0,0,0,0,0,0,0,0,-20,0,-10,0,0,19,0,0,0,17,0,135,18,-3,0,0,0,0,0,0,0,-57,0,9,0,-32,10,21,-12,9,41,-4,0,0,0,3,-6,0,0,0,16,0,0,0,-27,-8,0,0,0,0,7,-14,-16,-6,-4,0,0,0,-9,-44,-46,3,-27,-96,70,0,27,0,-3,-24,-100,3,0,-35,70,1,-56,-33,11,-53,-24,0,70,35,-49,46,-24,54,100,0,0,0,0,0,0,0,0,0,0,3,0,0,-3,-10,0,0,0,7,0,-7,0,0,-7,-3,0,7,7,-7,3,-3,3,10,0,22,0
0,-4,6,-2,-3,12,4,0,0,1,5,1,0,0,3,0,0,-5,0,0,4,0,-5,0,0,0,1,0,10,0,0,-1,7,0,-7,-1,-7,-2,10,-8,0,0,0,-5,1,0,0,6,0,0,2,0,0,0,2,5,0,0,0,1,2,0,0,0,0,-5,0,-14,-5,-3,-4,-8,-1,2,0,0,0,0,0,0,-19,-6,0,0,0,0,2,1,0,0,0,0,0,0,-20,0,-3,0,0,0,0,0,0,0,0,0,0,4,0,0,0,0,0,24,-6,0,0,0,0,6,1,6,0,0,0,1,0,10,6,2,0,0,0,-33,6,7,-14,3,10,4,2,1,0,1,0,0,3,0,0,-27,0,0,8,0,-4,-22,0,0,0,4,0,1,4,0,2,0,15,-6,5,6,-17,-5,-18,-13,-3,-20,17,0,0,13,-18,10,0,-10,-16,1,-4,-18,6,10,0,17,14,0,8,-13,-9,16,0,0,0,0,0,0,0,0,-1,0,-2,2,0,0,3,-3,1,-3,-1,0,2,0,-2,-2,1,0,2,2,0,1,-1,-1,2,14,1
0,298,442,-189,79,440,-97,1145,-1497,610,1541,-1489,-221,521,411,-982,217,438,-381,842,26,-530,606,79,-1246,42,1036,-52,1371,902,1173,-21,367,0,-2150,-2023,-1835,-1012,895,-1105,-515,585,-1277,-183,742,579,0,-931,576,139,-247,24,-17,-1372,2051,-591,-644,14,0,-772,1110,290,-418,1784,0,-12,0,926,764,-758,467,-792,979,-1700,194,2239,631,565,574,-552,33,0,27,7,123,-201,-7,-1601,488,268,362,0,-1610,-1451,-1261,611,523,-306,442,0,0,0,0,0,0,0,0,1302,-328,-1058,306,433,-46,581,-337,-232,-293,133,0,1682,-874,226,0,12,0,456,105,-212,-755,1085,0,299,0,-197,317,112,-115,-978,394,-22,-28,-587,-343,809,-256,1345,-673,-1037,711,237,-574,952,552,-151,-689,272,44,616,-308,-1003,280,371,8,581,678,0,-1669,517,563,672,587,211,968,4,355,281,92,314,142,455,-26,382,227,35,-100,230,1269,297,388,651,340,161,903,817,73,427,72,-137,0,19,19,19,19,19,19,19,27,-134,114,-1,93,124,-191,-230,125,37,-213,62,19,19,-8,-33,-17,106,-195,-103,102,56,248,36,147,996,-1078
0,-637,-583,-604,138,129,167,43,198,395,2,138,200,0,-143,13,38,18,-119,29,241,976,690,62,42,0,-248,80,56,478,-150,0,-131,0,-580,-181,-137,-546,-211,-875,-273,95,102,-1,-351,-167,0,-419,24,0,-24,0,-155,622,-1668,593,0,9,0,-252,-293,77,-66,162,0,-51,0,95,8,-10,-115,-161,504,-514,-477,130,5,422,10,0,138,15,14,104,0,-24,-406,-11,-229,-435,-7,0,47,4,88,409,88,0,393,0,0,0,0,0,0,0,0,-617,-218,25,27,-202,11,492,107,4,-25,25,0,807,-305,-66,0,87,0,-43,-53,230,-533,593,0,195,0,545,-134,495,-74,35,140,-61,-461,117,-11,69,-262,199,-95,33,54,49,-26,142,22,68,-295,115,128,581,-752,-409,29,11,-202,-174,91,0,-380,51,369,-96,224,24,48,16,-147,-253,-91,-49,60,-145,-92,150,28,-15,49,-40,1059,-27,-22,5,38,137,-167,82,-103,-114,169,-107,0,2,2,2,2,2,2,2,-138,35,-8,1,-40,27,-77,10,26,15,-26,47,147,2,50,-33,31,55,-109,-75,54,13,7,0,6,113,167
0,-629,-246,80,-468,101,141,-178,354,-228,-22,-154,107,9,516,284,0,-51,0,-41,-42,556,1385,-285,-95,0,429,-139,110,321,-275,-18,-190,0,-688,-216,-634,33,298,174,100,6,-48,130,93,39,6,439,13,42,24,0,-136,-299,-339,-1201,71,14,0,175,-117,50,15,151,0,127,0,74,-2,229,-40,-278,-210,203,-90,19,-57,118,65,0,-502,-227,-51,112,114,0,388,-320,182,4,-84,0,-328,137,-166,-150,56,-126,451,0,0,0,0,0,0,0,0,470,112,-364,45,-160,0,264,18,0,-106,-170,0,644,77,-174,0,61,0,21,187,-118,77,71,0,0,0,-66,414,-122,75,-6,-147,63,-126,-196,-58,57,-181,37,331,-162,193,29,77,7,-245,-112,6,-200,-230,0,-150,93,-226,70,498,175,7,0,-418,328,24,258,-219,82,-54,-154,-104,390,-17,580,38,-19,84,162,-368,-21,242,331,-96,491,-36,309,260,-313,-485,5,-208,-362,154,-208,0,-13,-13,-13,-13,-13,-13,-13,39,-86,-47,17,45,9,95,1,35,-36,0,48,-57,-13,-13,-64,-13,26,-50,-39,-47,7,13,20,-20,353,-82
0,0,0,0,0,0,0,0,0,0,0,0,0,0,0,0,0,0,0,0,0,0,0,0,0,0,0,0,0,0,0,0,0,0,0,0,0,0,0,0,0,0,0,0,0,0,0,0,0,0,0,0,0,0,0,0,0,0,0,0,0,0,0,0,0,0,0,0,0,0,0,0,0,0,0,0,0,0,0,0,0,0,0,0,0,0,0,0,0,0,0,0,0,0,0,0,0,0,0,0,0,0,0,0,0,0,0,0,0,0,0,0,0,0,0,0,0,0,0,0,0,0,0,0,0,0,0,0,0,0,0,0,0,0,0,0,0,0,0,0,0,0,0,0,0,0,0,0,0,0,0,0,0,0,0,0,0,0,0,0,0,0,0,0,0,0,0,0,0,0,0,0,0,0,0,0,0,0,0,0,0,0,0,0,0,0,0,0,0,0,0,0,0,0,0,0,0,0,0,0,0,0,0,0,0,0,0,0,0,0,0,0,0,0,0,0,0,0,0,0,0,0,0,0,0,0,0,0,0,0,0,0,0
0,-25,-7,-17,1,0,-6,0,0,-10,0,0,0,0,-10,0,0,0,0,0,-17,-3,0,0,1,0,-7,0,0,0,0,0,0,0,-2,0,-7,0,1,2,0,0,-3,0,0,0,0,6,0,0,1,0,0,5,0,5,0,-3,0,-3,0,0,0,1,0,0,0,19,0,1,2,0,1,0,0,0,0,0,0,0,0,0,0,0,0,0,0,0,5,0,0,0,10,0,0,0,0,0,0,0,0,0,0,0,0,0,0,0,1,0,0,0,1,8,0,0,0,0,0,13,5,12,0,1,0,-3,0,0,0,7,0,0,0,2,5,23,3,0,-17,0,0,6,0,0,0,1,-18,0,1,1,0,0,-22,-6,-28,0,-2,0,-3,0,3,0,7,0,1,0,-1,9,0,0,-1,20,0,0,5,0,0,-10,-12,6,0,8,-12,10,7,0,8,0,8,5,0,-2,0,17,0,5,0,8,0,0,0,0,0,0,0,0,0,-1,0,0,-1,-1,-1,0,1,-1,1,1,-2,0,-1,1,0,0,-1,0,2,0,2,0,1,-17,7
0,0,0,0,0,0,0,0,0,0,0,0,0,0,0,0,0,0,0,0,0,0,0,0,0,0,0,0,0,0,0,0,0,0,0,0,0,0,0,0,0,0,0,0,0,0,0,0,0,0,0,0,0,0,0,0,0,0,0,0,0,0,0,0,0,0,0,0,0,0,0,0,0,0,0,0,0,0,0,0,0,0,0,0,0,0,0,0,0,0,0,0,0,0,0,0,0,0,0,0,0,0,0,0,0,0,0,0,0,0,0,0,0,0,0,0,0,0,0,0,0,0,0,0,0,0,0,0,0,0,0,0,0,0,0,0,0,0,0,0,0,0,0,0,0,0,0,0,0,0,0,0,0,0,0,0,0,0,0,0,0,0,0,0,0,0,0,0,0,0,0,0,0,0,0,0,0,0,0,0,0,0,0,0,0,0,0,0,0,0,0,0,0,0,0,0,0,0,0,0,0,0,0,0,0,0,0,0,0,0,0,0,0,0,0,0,0,0,0,0,0,0,0,0,0,0,0,0,0,0,0,0,0
0,-21,-4,14,-20,45,5,-5,23,10,49,3,11,18,-41,0,-2,21,-16,47,32,35,-92,126,-15,51,91,16,0,17,32,0,59,0,-110,31,3,-23,0,-9,-2,0,-7,-10,-3,0,0,-1,0,-7,-23,0,-19,56,-21,-28,21,0,0,-40,6,0,-33,11,0,6,0,75,9,-40,-4,0,-20,-6,-16,5,0,0,0,0,15,0,0,-2,0,-3,-95,-13,36,-6,-13,0,2,-13,-2,-15,-6,0,-40,0,0,0,0,0,0,0,0,24,9,0,0,2,0,76,0,0,0,21,0,42,-18,45,0,0,0,-6,-2,0,31,31,0,0,0,-61,-12,-113,15,-2,34,58,-9,-37,6,0,5,14,26,0,-9,0,-7,0,-7,-24,12,17,-41,0,11,-2,-4,-4,77,0,12,0,-52,69,149,-14,-43,-10,-57,-187,64,105,-50,-38,-2,34,0,-132,-146,-48,-34,82,48,33,-142,149,-131,-49,5,-84,-36,65,60,29,0,0,0,0,0,0,0,0,-17,1,15,-5,-2,3,7,0,-15,-15,-5,2,11,0,-3,2,7,-8,0,1,-9,-4,21,6,7,49,12
0,-5,2,58,9,-1,49,9,5,0,0,0,0,0,59,-36,0,0,-26,0,-56,4,8,-2,0,0,9,28,5,24,20,0,-5,0,-60,34,-53,-11,-1,20,-72,0,0,0,4,2,0,17,0,0,0,0,0,109,-12,-26,0,0,0,0,31,3,8,13,0,2,0,-8,-25,-18,-29,-23,-59,6,-2,0,0,-8,0,0,-14,0,-1,1,0,0,-26,22,-2,0,1,0,-6,12,-14,-36,15,0,-27,0,0,0,0,0,0,0,0,0,0,0,0,2,-7,10,3,0,0,0,0,69,-29,-29,0,0,0,0,-5,9,3,12,0,17,0,-23,-58,-4,-2,-20,-87,65,22,-5,-12,-3,0,3,8,19,-26,4,19,-1,-30,-1,44,-6,7,-11,14,4,-26,2,39,0,0,0,2,39,18,26,45,77,-132,-45,-35,-88,12,36,4,-10,-36,-123,35,-43,50,-7,9,-47,32,-28,54,-47,-73,44,-21,141,40,11,0,0,0,0,0,0,0,0,-2,-4,-10,1,4,0,4,-5,-15,4,-5,-5,6,0,-6,3,-2,5,-3,0,2,-2,24,4,2,-27,3
0,6,1,-12,-16,-6,-9,-12,-3,0,2,0,0,0,5,0,1,4,0,2,10,2,12,-6,0,0,0,-2,-5,-2,-2,0,3,0,-21,-2,2,-1,0,9,0,0,0,0,0,1,0,0,0,0,0,0,0,3,4,0,0,0,0,1,1,6,0,1,0,1,0,-16,3,-7,-1,-2,-2,1,-6,-1,0,0,0,0,0,0,-3,0,0,0,-10,-6,-4,0,0,0,-7,-2,-6,0,3,1,2,0,0,0,0,0,0,0,0,0,0,0,0,5,0,18,1,0,0,0,0,10,5,6,0,2,0,4,2,-7,2,10,0,0,0,-59,-7,13,-38,-5,2,-16,-3,0,4,0,-3,-1,10,12,0,-2,0,2,2,-6,-16,-18,-1,0,-1,-2,13,1,-21,0,6,0,26,10,2,27,13,0,16,12,1,14,0,-3,-49,17,-3,-18,8,30,-17,7,5,-31,16,-41,20,-7,-9,-1,-61,9,29,48,0,0,0,0,0,0,0,0,0,0,2,0,0,-5,5,1,-2,1,3,-1,2,0,-4,-1,-4,2,-1,-1,0,-6,0,3,6,-21,3
0,-36,-93,-30,-17,-32,-66,16,89,21,44,18,-16,11,113,-14,0,-12,0,-24,-4,43,-20,0,0,0,41,4,1,25,75,0,-34,0,-116,4,-2,-23,-39,-54,0,9,-18,-15,-17,0,0,31,0,4,13,0,0,40,-8,30,-4,0,0,-14,4,18,-12,2,0,9,0,-46,-19,-35,-19,-63,-5,0,24,0,3,3,0,3,-74,0,0,0,0,0,33,29,-6,0,0,0,0,0,-96,-16,-8,0,18,0,0,0,0,0,0,0,0,-8,4,8,2,0,0,61,-7,4,0,0,0,151,16,2,0,0,0,0,5,23,1,110,0,12,0,-9,70,34,4,3,-53,14,-36,3,-48,-12,5,-10,32,3,8,2,-17,4,-80,14,-70,-97,-23,11,50,15,-26,39,252,-4,19,0,62,-24,-7,-13,115,162,-77,59,-96,-62,36,-139,-34,-69,-2,-126,-209,107,-17,141,-81,44,-11,-67,-195,-86,102,-80,-43,-176,74,123,0,-2,-2,-2,-2,-2,-2,-2,12,-10,-7,3,-15,-3,6,-2,-11,-22,9,3,26,-2,-2,-14,-9,-18,-4,13,-16,-2,23,7,15,30,40
0,-119,-183,-345,-8,59,30,0,230,107,-3,39,-6,0,121,0,3,27,4,4,108,43,395,0,34,0,96,5,-72,80,-9,0,-26,0,-191,-56,-63,110,-59,-261,2,48,19,-28,-23,75,5,102,0,3,10,1,0,286,66,86,-59,4,0,98,7,0,54,52,0,38,0,-135,-130,-90,-126,36,56,2,0,1,0,36,22,0,-179,2,2,36,1,3,-34,75,125,0,11,0,0,0,-27,9,167,0,-161,0,0,0,0,0,0,0,0,113,-53,0,-7,54,13,227,0,1,3,0,0,180,-230,-203,0,-39,0,15,5,-37,-84,153,0,126,0,134,474,373,157,88,-109,28,-480,41,-41,-13,-143,-38,-329,23,4,4,-31,7,-286,-137,-320,29,80,0,-41,8,100,3,-10,0,44,0,87,-95,81,91,-116,350,-53,220,-53,-198,48,-162,-100,-40,-35,284,230,-105,-240,20,159,-305,-322,100,92,-178,65,376,-259,-269,226,6,0,1,1,1,1,1,1,1,2,0,-27,5,-16,-12,-19,-1,30,31,-13,-12,24,1,-26,-44,19,12,-1,9,34,-20,1,23,10,92,-5
0,-4,-4,-1,-1,0,0,-2,0,0,0,0,0,0,-1,-2,0,0,0,0,0,0,-2,0,0,0,0,-1,0,0,0,0,0,0,2,-2,0,-1,0,0,-2,0,0,0,0,0,0,0,-1,0,0,0,0,0,0,2,0,0,0,0,0,0,0,0,0,0,0,4,2,3,3,0,-1,-5,0,0,0,0,0,0,1,-1,-1,0,0,0,-2,0,-2,0,0,0,0,0,-1,0,0,0,0,0,0,0,0,0,0,0,0,0,0,0,0,0,0,0,0,0,0,0,0,1,0,0,0,0,0,0,0,-2,0,0,0,0,0,3,-3,-4,3,0,-5,-1,-2,0,0,0,0,0,0,-5,0,0,0,0,11,3,5,0,0,0,0,-2,0,0,0,0,-1,0,0,9,2,0,0,6,10,12,10,0,0,-10,0,10,-1,-19,0,10,20,0,-3,7,-8,20,-20,0,-7,-7,0,0,0,-8,0,0,0,0,0,0,0,0,1,1,0,0,-1,0,1,-1,-2,0,1,2,1,0,1,-1,2,-2,0,-1,-1,0,0,0,-1,-12,0
0,591,63,-118,-344,-7,-293,53,-218,30,-64,-106,98,-27,-545,-46,-35,-53,14,53,-393,-503,-5,0,-37,159,178,93,39,270,-125,-12,50,0,-260,295,455,-100,-6,-22,481,-18,-53,-180,18,-54,0,-29,-46,-51,-12,7,0,9,22,-230,81,-88,0,95,109,54,-21,-142,0,0,0,93,-35,-125,-168,-21,-154,13,-1,-1,-56,0,-17,0,-44,0,-13,0,-69,-44,-179,-20,-132,0,-14,0,0,-101,-12,2,-16,0,0,0,0,0,0,0,0,0,0,-70,0,35,0,13,0,-194,21,0,-22,-36,0,853,189,-90,0,-147,0,72,-27,-18,-153,20,0,0,0,-320,303,-340,-122,-54,-107,-60,-327,-93,56,-41,99,272,-343,-730,-115,115,93,56,-276,-40,-56,-146,-29,0,-72,46,44,-48,114,0,92,0,-99,-463,153,1,64,552,-300,-121,357,-171,-185,111,100,146,321,-106,342,171,-4,475,251,-73,93,245,-81,177,197,123,150,209,245,-107,0,-3,-3,-3,-3,-3,-3,-3,-79,24,-38,-27,25,33,-103,-48,-32,37,18,31,33,-3,-62,3,-7,4,45,43,23,20,6,27,-3,344,33
