0,-1255,-898,-2070,483,-2457,934,265,-1418,-1009,367,-3557,-400,895,-337,79,972,-689,-854,-92,-1046,1925,1662,774,64,1356,-2984,-285,-927,-857,340,-2043,1626,0,1043,738,2052,111,1871,79,-1915,-4983,-2669,-3097,-2850,-3486,-725,11712,900,-2232,-6913,-1252,-2132,-4013,-3095,-1525,-972,-3264,-1559,-3462,-288,-1786,-1929,-2326,-3707,1058,0,-895,-1127,-747,-308,460,-928,766,549,58,-1894,-701,-1357,2244,734,203,1303,2697,1375,-1192,-1899,3236,648,-422,1514,456,-523,1021,95,-339,1025,-481,-1696,0,0,0,0,0,0,0,0,-257,1167,-3390,451,-2915,-1582,235,-766,1857,2777,2327,0,719,-379,-153,0,-2626,-71,-1586,-3334,1056,3431,2316,955,712,0,213,360,-400,-445,-1200,416,142,129,-802,1183,198,111,-920,540,-570,-978,942,-396,186,1200,-1849,-888,-657,67,597,-678,1191,-1561,388,-173,2420,-1625,0,228,482,-340,-1210,-354,-315,-460,290,427,26,-66,-83,56,-167,54,-17,117,-129,218,39,-36,51,174,-23,183,33,-149,96,-440,421,-135,-399,0,-210,-210,-210,-210,-210,-210,-210,-569,-689,-863,322,-936,-65,1293,-10,53,-484,107,1077,-500,-19,254,-341,-367,92,-559,220,-309,-1,28,-305,471,5,458
0,0,0,0,0,0,0,0,0,0,0,0,0,0,0,0,0,0,0,0,0,0,0,0,0,0,0,0,0,0,0,0,0,0,0,0,0,0,0,0,0,0,0,0,0,0,0,0,0,0,0,0,0,0,0,0,0,0,0,0,0,0,0,0,0,0,0,0,0,0,0,0,0,0,0,0,0,0,0,0,0,0,0,0,0,0,0,0,0,0,0,0,0,0,0,0,0,0,0,0,0,0,0,0,0,0,0,0,0,0,0,0,0,0,0,0,0,0,0,0,0,0,0,0,0,0,0,0,0,0,0,0,0,0,0,0,0,0,0,0,0,0,0,0,0,0,0,0,0,0,0,0,0,0,0,0,0,0,0,0,0,0,0,0,0,0,0,0,0,0,0,0,0,0,0,0,0,0,0,0,0,0,0,0,0,0,0,0,0,0,0,0,0,0,0,0,0,0,0,0,0,0,0,0,0,0,0,0,0,0,0,0,0,0,0,0,0,0,0,0,0,0,0,0,0,0,0,0,0,0,0,0,0
0,0,0,0,0,0,0,0,0,0,0,0,0,0,0,0,0,0,0,0,0,0,0,0,0,0,0,0,0,0,0,0,0,0,0,0,0,0,0,0,0,0,0,0,0,0,0,0,0,0,0,0,0,0,0,0,0,0,0,0,0,0,0,0,0,0,0,0,0,0,0,0,0,0,0,0,0,0,0,0,0,0,0,0,0,0,0,0,0,0,0,0,0,0,0,0,0,0,0,0,0,0,0,0,0,0,0,0,0,0,0,0,0,0,0,0,0,0,0,0,0,0,0,0,0,0,0,0,0,0,0,0,0,0,0,0,0,0,0,0,0,0,0,0,0,0,0,0,0,0,0,0,0,0,0,0,0,0,0,0,0,0,0,0,0,0,0,0,0,0,0,0,0,0,0,0,0,0,0,0,0,0,0,0,0,0,0,0,0,0,0,0,0,0,0,0,0,0,0,0,0,0,0,0,0,0,0,0,0,0,0,0,0,0,0,0,0,0,0,0,0,0,0,0,0,0,0,0,0,0,0,0,0
0,0,0,0,0,0,0,0,0,0,0,0,0,0,0,0,0,0,0,0,0,0,0,0,0,0,0,0,0,0,0,0,0,0,0,0,0,0,0,0,0,0,0,0,0,0,0,0,0,0,0,0,0,0,0,0,0,0,0,0,0,0,0,0,0,0,0,0,0,0,0,0,0,0,0,0,0,0,0,0,0,0,0,0,0,0,0,0,0,0,0,0,0,0,0,0,0,0,0,0,0,0,0,0,0,0,0,0,0,0,0,0,0,0,0,0,0,0,0,0,0,0,0,0,0,0,0,0,0,0,0,0,0,0,0,0,0,0,0,0,0,0,0,0,0,0,0,0,0,0,0,0,0,0,0,0,0,0,0,0,0,0,0,0,0,0,0,0,0,0,0,0,0,0,0,0,0,0,0,0,0,0,0,0,0,0,0,0,0,0,0,0,0,0,0,0,0,0,0,0,0,0,0,0,0,0,0,0,0,0,0,0,0,0,0,0,0,0,0,0,0,0,0,0,0,0,0,0,0,0,0,0,0
0,0,0,0,0,0,0,0,0,0,0,0,0,0,0,0,0,0,0,0,0,0,0,0,0,0,0,0,0,0,0,0,0,0,0,0,0,0,0,0,0,0,0,0,0,0,0,0,0,0,0,0,0,0,0,0,0,0,0,0,0,0,0,0,0,0,0,0,0,0,0,0,0,0,0,0,0,0,0,0,0,0,0,0,0,0,0,0,0,0,0,0,0,0,0,0,0,0,0,0,0,0,0,0,0,0,0,0,0,0,0,0,0,0,0,0,0,0,0,0,0,0,0,0,0,0,0,0,0,0,0,0,0,0,0,0,0,0,0,0,0,0,0,0,0,0,0,0,0,0,0,0,0,0,0,0,0,0,0,0,0,0,0,0,0,0,0,0,0,0,0,0,0,0,0,0,0,0,0,0,0,0,0,0,0,0,0,0,0,0,0,0,0,0,0,0,0,0,0,0,0,0,0,0,0,0,0,0,0,0,0,0,0,0,0,0,0,0,0,0,0,0,0,0,0,0,0,0,0,0,0,0,0
0,0,0,0,0,0,0,0,0,0,0,0,0,0,0,0,0,0,0,0,0,0,0,0,0,0,0,0,0,0,0,0,0,0,0,0,0,0,0,0,0,0,0,0,0,0,0,0,0,0,0,0,0,0,0,0,0,0,0,0,0,0,0,0,0,0,0,0,0,0,0,0,0,0,0,0,0,0,0,0,0,0,0,0,0,0,0,0,0,0,0,0,0,0,0,0,0,0,0,0,0,0,0,0,0,0,0,0,0,0,0,0,0,0,0,0,0,0,0,0,0,0,0,0,0,0,0,0,0,0,0,0,0,0,0,0,0,0,0,0,0,0,0,0,0,0,0,0,0,0,0,0,0,0,0,0,0,0,0,0,0,0,0,0,0,0,0,0,0,0,0,0,0,0,0,0,0,0,0,0,0,0,0,0,0,0,0,0,0,0,0,0,0,0,0,0,0,0,0,0,0,0,0,0,0,0,0,0,0,0,0,0,0,0,0,0,0,0,0,0,0,0,0,0,0,0,0,0,0,0,0,0,0
0,0,0,0,0,0,0,0,0,0,0,0,0,0,0,0,0,0,0,0,0,0,0,0,0,0,0,0,0,0,0,0,0,0,0,0,0,0,0,0,0,0,0,0,0,0,0,0,0,0,0,0,0,0,0,0,0,0,0,0,0,0,0,0,0,0,0,0,0,0,0,0,0,0,0,0,0,0,0,0,0,0,0,0,0,0,0,0,0,0,0,0,0,0,0,0,0,0,0,0,0,0,0,0,0,0,0,0,0,0,0,0,0,0,0,0,0,0,0,0,0,0,0,0,0,0,0,0,0,0,0,0,0,0,0,0,0,0,0,0,0,0,0,0,0,0,0,0,0,0,0,0,0,0,0,0,0,0,0,0,0,0,0,0,0,0,0,0,0,0,0,0,0,0,0,0,0,0,0,0,0,0,0,0,0,0,0,0,0,0,0,0,0,0,0,0,0,0,0,0,0,0,0,0,0,0,0,0,0,0,0,0,0,0,0,0,0,0,0,0,0,0,0,0,0,0,0,0,0,0,0,0,0
0,0,0,0,0,0,0,0,0,0,0,0,0,0,0,0,0,0,0,0,0,0,0,0,0,0,0,0,0,0,0,0,0,0,0,0,0,0,0,0,0,0,0,0,0,0,0,0,0,0,0,0,0,0,0,0,0,0,0,0,0,0,0,0,0,0,0,0,0,0,0,0,0,0,0,0,0,0,0,0,0,0,0,0,0,0,0,0,0,0,0,0,0,0,0,0,0,0,0,0,0,0,0,0,0,0,0,0,0,0,0,0,0,0,0,0,0,0,0,0,0,0,0,0,0,0,0,0,0,0,0,0,0,0,0,0,0,0,0,0,0,0,0,0,0,0,0,0,0,0,0,0,0,0,0,0,0,0,0,0,0,0,0,0,0,0,0,0,0,0,0,0,0,0,0,0,0,0,0,0,0,0,0,0,0,0,0,0,0,0,0,0,0,0,0,0,0,0,0,0,0,0,0,0,0,0,0,0,0,0,0,0,0,0,0,0,0,0,0,0,0,0,0,0,0,0,0,0,0,0,0,0,0
0,-5,-2,-2,0,-1,-1,0,0,0,0,0,0,0,0,0,0,0,0,0,0,0,0,0,0,0,0,0,0,0,0,0,0,0,-6,-4,-2,0,0,0,0,-4,-1,0,0,0,0,0,0,0,0,0,0,0,0,0,0,0,0,0,0,0,0,0,0,-6,0,-2,-4,-1,0,-1,-3,0,0,0,0,0,0,0,0,0,0,0,0,0,0,0,0,0,0,0,0,0,0,-1,0,0,0,0,0,0,0,0,0,0,0,-3,0,0,0,0,0,0,-18,0,0,0,0,0,0,0,0,0,0,0,0,0,0,0,0,0,0,-7,-6,-9,-3,-1,-5,0,-5,0,0,0,0,0,-2,-12,0,0,0,0,-4,0,0,0,0,0,-1,0,0,-1,0,0,-3,0,-184,-101,-66,-32,-29,-23,-40,-28,-8,0,0,-40,-30,-8,0,-30,-30,0,-32,-6,-30,0,0,0,-10,-9,0,-30,-8,0,-10,-21,0,-4,-4,-4,-4,-4,-4,-4,-4,-1,0,0,-4,-3,-1,-3,-3,-3,0,-4,-1,-3,0,0,0,-1,-1,0,-3,-1,0,-1,-3,-61,-1
0,-262,-502,-881,-1368,461,-1297,-3512,1293,-1190,-429,-359,794,1467,-1212,1030,-1583,4160,221,692,2088,-381,-336,784,151,-491,-828,2876,-737,1153,-819,793,1368,0,129,238,1420,3712,-554,-1729,-3965,-291,3443,363,-966,241,1057,-1151,-51,395,2184,333,-1666,-1306,11,2336,-33,68,-92,226,-652,-10,1180,-155,-1578,474,0,-842,1414,-567,-471,2214,1790,-1649,-1359,923,362,564,-111,-408,-591,821,543,-768,0,-804,-1342,1226,-1139,3337,-64,121,-1100,607,680,3096,1840,-13,3400,0,0,0,0,0,0,0,0,-1420,-1476,707,-455,528,-506,-1120,257,-581,575,0,0,5,-855,535,0,596,78,2501,-1830,-2436,673,-82,-346,0,0,-229,805,-677,379,-788,-541,-352,916,-457,-465,-512,-583,-1671,-533,-865,464,-872,0,530,1306,-463,-373,-86,3047,682,663,1718,-2547,1360,-186,-1260,-2444,0,649,1115,-740,-1129,-157,-371,-1617,-199,-1277,-310,-1,-672,137,274,-92,244,390,-493,239,-361,32,9,-201,-45,236,-300,-392,230,-339,-47,-204,164,0,147,147,147,147,147,147,147,-106,147,-92,-302,0,-241,-489,110,217,-24,28,1095,39,-78,-302,400,355,-55,668,525,-482,277,110,-272,-58,-154,2793
0,502,708,857,934,1562,-1579,-417,-643,1343,-654,-524,1867,550,-2117,1917,1645,1866,676,-304,-589,-969,1689,728,-852,-10,-404,-2441,519,-1758,-1282,-200,-1747,0,583,107,-2092,1411,-2555,-1038,-1194,-137,-957,2533,384,-427,152,-603,-665,1641,398,840,-152,-958,609,711,306,617,-286,-759,-1567,0,-1580,-2,1010,3366,0,-481,-1552,1752,1404,-215,2693,1716,662,-572,164,2158,-1392,-2313,-2347,4048,-1583,-1285,-2,2135,511,-347,1786,86,1071,-1358,277,-1,1828,-2922,-287,-1174,2163,0,0,0,0,0,0,0,0,945,-571,-970,-7,-212,-2024,-983,426,-391,-680,0,0,701,733,-903,0,-1361,0,-17,2069,-439,392,-1817,0,-18,0,-187,982,1433,1922,1185,-1930,-1185,698,941,1791,246,147,2917,754,293,644,2261,452,-127,-449,-108,-2529,-864,930,788,-10,573,1641,969,-276,-2898,2362,0,-504,136,1083,223,1319,-1027,-940,-435,434,-651,-383,147,-222,464,-399,314,-254,68,-483,-226,-267,-709,-401,35,436,-218,-793,-115,-302,-112,-209,339,0,162,162,162,162,162,162,162,109,147,162,258,13,-94,-487,562,227,294,182,765,-101,-39,9,33,44,-43,-92,-216,343,-366,-405,-376,691,136,-2051
0,-1038,966,1627,-610,1315,842,774,452,1662,-2004,1261,17,-3773,3114,233,457,-816,2512,-227,-559,-1108,1398,-2637,2460,-197,1298,299,-775,-1109,1806,-147,252,0,1386,-2468,-3709,-215,845,338,-277,-987,1880,87,-809,-280,-4066,1429,-3641,-717,1250,138,143,-143,-1578,2119,-7,-1115,625,880,-1085,-514,-2682,-1326,548,-1167,0,128,1126,610,-544,-2536,-17,1056,1161,-254,-1012,319,136,-3361,-288,-342,-1420,-1136,-1,-1116,2041,-865,1327,2016,2376,554,387,-1907,550,1259,376,-40,2995,0,0,0,0,0,0,0,0,-1460,2537,1893,0,16,-1389,986,38,-129,90,0,0,1856,312,3205,0,0,0,544,1175,131,-824,1994,-40,0,0,-148,-175,-1850,1807,1421,2566,302,-47,1262,-2217,870,-520,552,216,-339,-1139,1421,-3891,1231,-892,880,268,-1180,-2456,-1567,-404,-2323,557,-121,-269,-374,1908,0,-213,222,-414,2243,-109,1425,-941,71,-263,-126,903,-229,177,416,-279,88,-141,62,124,157,-121,-174,-464,-215,-35,-198,-214,-319,-122,-655,-317,577,0,117,117,117,117,117,117,117,-81,674,-285,117,-86,-1186,587,-433,-286,31,-118,1261,246,-248,857,-284,105,-62,455,-241,-37,-435,225,-37,431,-564,-329
0,-877,-1293,-761,-371,690,-1359,112,530,-3,-207,28,547,0,-526,-214,-374,566,0,610,-315,377,696,2835,127,0,-1015,279,-84,-211,990,342,-19,0,950,1765,1281,-2326,69,-692,-591,-4,-214,756,235,-505,0,-276,-247,-610,-631,0,-765,-4,0,-45,-581,-178,0,-383,-42,36,-582,16,108,-88,0,-1314,-90,170,290,-299,-474,67,903,14,1312,-585,570,0,81,903,123,-576,0,-425,701,-329,-429,-431,407,131,344,158,-136,197,1470,6,-352,0,0,0,0,0,0,0,0,980,0,-1310,0,164,0,-246,811,-132,-5,0,0,-275,-6,-538,0,185,0,-47,-26,530,509,-107,0,-74,0,-19,-1815,-971,393,332,1168,130,4,-585,-215,629,80,-1508,-373,-843,1137,-1581,0,-756,-1111,114,804,-1277,-938,312,505,5,1677,189,902,416,-58,0,-33,426,-52,873,-1008,1141,794,-853,595,254,-1129,-776,1068,-480,550,13,-842,-600,-665,414,-76,-758,477,27,-1313,66,726,-383,-332,-921,-792,-20,0,-27,-27,-27,-27,-27,-27,-27,156,12,59,-129,-27,-44,-182,96,-5,-302,-60,-187,-59,8,-27,175,-37,-87,-53,110,164,-23,235,8,-71,579,1977
0,2575,-428,-1198,401,-98,2958,730,-2459,-926,-307,-606,0,-1015,975,-1904,130,-636,0,4,-2008,0,321,107,-538,0,1149,1350,117,416,-609,7,1387,0,-231,482,816,35,-64,565,-388,-6,-420,1885,427,-12,-308,-2772,838,111,-40,-3,1997,-15,-262,1047,-148,-4,-877,-1104,-2062,0,674,-1126,21,-845,0,249,871,-360,2250,1692,-2473,121,-1576,232,-1330,-631,31,3088,-1736,-86,334,249,0,-5,748,0,4,2168,1172,1308,-1176,445,737,636,1707,328,595,0,0,0,0,0,0,0,0,343,0,-1051,0,0,-2028,-784,-220,0,0,0,0,-2814,0,-1172,0,0,0,-344,-419,461,-691,-1617,0,0,0,-620,2098,1285,129,-411,-522,326,466,-239,-1776,1614,3397,-685,964,677,669,40,-2,-258,-1119,1407,-67,-529,2201,-122,2020,88,-501,-41,-569,1357,342,0,-1245,1421,-999,-1167,-591,78,869,1392,-93,-201,344,-176,906,-243,555,-594,860,805,158,-352,65,-131,744,629,321,482,852,-84,-178,644,342,679,0,66,66,66,66,66,66,66,-184,-162,-278,15,324,66,-360,-14,72,67,80,472,-556,121,-75,296,346,63,-6,9,73,86,-157,77,285,1045,-1294
0,-602,276,-855,341,-538,1007,698,-682,1526,-1072,1871,817,-2380,-651,-431,-3489,-436,152,-930,-1721,945,-1096,-2116,18,-1642,-1429,-1842,2447,220,945,-1197,-86,0,-1366,-2662,-2780,-2195,-1423,-3677,239,8471,-188,3168,-2515,3449,4167,3461,7405,825,3290,828,4182,9511,-714,1376,-220,3823,550,2428,4219,3356,7180,6287,-576,-4200,0,-1024,811,272,966,-928,443,1290,373,-110,-1550,1916,-92,-2681,919,-2519,28,1488,104,-506,-1479,-3221,-1165,-2608,242,-499,-1529,-475,956,-4052,1423,991,-1318,0,0,0,0,0,0,0,0,811,-1658,3036,-783,9,3742,-1926,2856,10,-3186,-2322,0,1551,1452,1418,0,-335,0,2047,2928,-147,-405,627,2,-576,0,-297,258,-10,-115,1348,1177,660,-459,-811,805,398,-507,-1099,-1722,-1189,1553,-327,2555,1041,1129,-1943,-115,793,-1183,-13,-332,1868,-1050,-600,-67,1861,-901,0,838,669,32,-1165,1589,-656,670,-234,-70,-440,-616,-495,-240,-1510,-422,-267,-605,-367,136,-381,-65,85,-483,-483,-367,-215,-174,-466,-213,-412,-408,-676,0,6,6,6,6,6,6,6,828,-560,504,-555,287,277,6,570,-132,297,95,-1982,861,-289,261,-500,56,-170,-698,298,516,213,786,81,-990,-273,1650
0,-10,-2,-2,-2,0,0,0,0,-2,-2,0,0,0,0,-2,0,0,0,0,0,0,0,0,0,0,0,0,0,0,-2,0,0,0,-12,-2,-3,-3,0,0,-1,0,0,0,0,0,0,0,-10,0,0,0,0,0,0,-1,0,0,0,0,0,0,0,-2,0,-1,0,0,0,0,0,0,0,0,0,0,0,0,0,0,0,0,0,0,0,0,0,0,0,0,0,0,0,0,0,0,0,0,0,0,0,0,0,0,0,0,0,-1,-1,-3,-1,-2,-1,-3,-8,-1,0,0,0,-4,0,0,0,0,0,0,-3,0,-2,-8,0,-1,0,-26,-12,-9,-5,0,0,-7,0,-3,-6,-1,0,-2,0,-13,-2,0,0,0,-4,0,-2,0,0,0,-2,-3,0,-1,-13,-2,-3,0,-276,-158,-106,-48,-48,-48,-47,-9,-24,-29,-18,-58,-27,-7,-27,-27,-10,0,-10,-12,-40,-7,-8,-10,-10,-28,-14,-10,-17,-12,-48,-15,0,-6,-6,-6,-6,-6,-6,-6,-1,-3,-4,-2,-6,-3,-1,-6,-3,-1,0,-1,-2,-4,-1,-1,-1,-1,-3,-2,-1,-2,-4,-5,-2,-67,-3
0,1436,-599,-305,869,1290,-1783,-1509,589,-107,-220,337,-831,519,1151,1050,-854,-167,0,-406,-308,-36,-511,-467,2227,1563,-200,-235,1429,477,-581,-624,-1706,0,8,2092,-503,-1241,346,224,175,-88,-2063,56,-875,-1163,-36,-629,167,190,-1,0,180,-1,-55,-1213,-213,322,-160,575,-720,-4,765,1,263,1330,0,998,-718,-1319,1175,-1268,1151,123,435,374,-253,703,586,-65,-181,654,1029,-689,0,-5,1198,-16,-1087,927,-274,0,615,263,-1274,-1367,-1200,3,245,0,0,0,0,0,0,0,0,1647,715,-1633,0,0,967,-499,-368,-102,-84,0,0,357,0,-847,0,152,0,-166,35,-1012,495,1071,354,0,0,1298,236,1512,1788,-1910,558,-627,-307,-249,-1578,-243,-723,1357,-579,48,-487,-1522,-14,-643,-1028,-818,818,-2000,1501,249,1726,923,1477,-960,624,482,235,0,-705,244,1259,56,1382,30,137,-496,-333,582,761,871,-512,297,169,-153,639,-106,-342,282,-2031,107,585,-758,98,-1853,-1176,475,-500,-930,444,-491,0,-20,-20,-20,-20,-20,-20,-20,178,-149,-286,64,-126,223,-66,172,-20,-164,-12,249,50,-297,-264,-146,317,175,98,-47,109,-109,-105,90,-134,-203,137
0,-1136,162,597,1013,1357,-1046,1418,1139,-1654,2019,226,-641,941,1786,-1701,2,-1250,0,-1562,-100,-333,-2408,-540,-719,-58,-1376,-888,-3057,-695,53,1516,100,0,-493,1411,-225,-1400,176,1209,396,72,473,315,-283,319,305,-3131,-54,1546,1821,-56,-3141,-54,-272,575,467,120,0,1858,-141,-10,-661,58,710,292,0,-723,-2153,17,-255,925,1091,-422,-7,-2290,-181,605,228,-397,-66,-480,-412,234,-31,-1860,1684,-145,-96,1994,1232,495,1718,1207,-1360,225,279,837,-744,0,0,0,0,0,0,0,0,-1085,315,-423,74,381,-543,2726,785,270,46,0,0,-1148,28,-589,0,371,0,-145,455,1274,1850,984,0,4,0,-442,-64,-1041,-1716,-1836,-585,-113,-552,1928,-312,-2140,-115,-72,382,500,-505,-583,-94,-1855,-1846,495,299,1357,-587,-75,-313,616,2488,-1778,482,1394,589,0,452,-782,730,-414,-438,509,-430,-37,95,-47,-33,-342,196,410,-490,99,-1587,11,738,824,467,562,189,203,-92,872,216,395,969,674,293,-804,0,23,23,23,23,23,23,23,-47,43,136,-261,-17,43,209,-144,100,23,-17,-1386,-64,24,36,380,62,27,314,144,-27,-9,253,475,-67,466,1463
0,534,287,247,144,0,-57,-176,-1,-12,-44,35,0,-14,9,0,0,0,-12,-25,-197,-23,23,90,-63,0,-40,-1,-27,0,161,0,-111,0,-295,-16,89,-242,0,90,-49,-1,-13,-25,-175,0,10,-40,0,0,0,-1,0,-18,3,80,90,-1,0,-13,183,3,0,0,0,64,0,-604,-448,215,-274,-69,-384,-153,0,-4,0,86,0,0,-2,-2,0,0,0,-37,139,0,-43,-80,50,0,0,-96,-105,0,0,0,6,0,0,0,0,0,0,0,0,51,0,0,89,0,-12,126,170,0,-21,0,0,-6,0,88,0,3,0,0,-34,176,0,-42,0,0,0,-258,-76,-162,105,-300,522,-272,-105,-16,106,53,0,-22,-21,13,0,0,-4,0,109,39,66,0,25,0,-121,2,29,0,-400,0,-41,0,-35,335,-416,504,361,-179,718,196,105,103,362,260,258,-262,-161,-240,181,11,-682,-137,-49,-524,-556,-264,-40,264,-34,174,0,751,540,-328,0,-1,-1,-1,-1,-1,-1,-1,14,6,14,43,26,22,-19,2,-24,16,-1,-74,-11,-3,-31,-57,-25,-4,9,2,25,0,47,54,-41,-242,60
0,-716,-995,77,-1120,-40,783,391,130,1428,550,1743,85,-935,760,-1249,435,-869,-1106,111,166,-232,-1931,2113,-1317,0,132,-691,-260,38,1481,709,835,0,-314,951,1906,1116,-306,-1190,597,-80,205,-43,606,458,-1998,-2577,8,-137,3767,-33,1652,-7,-457,-39,-719,520,0,-444,-1073,-152,1233,13,2,-471,0,-130,216,-1184,-2014,935,240,-2344,-896,-2652,20,-272,-963,75,1624,-197,0,319,-643,72,-1677,-474,-1958,-1638,-85,0,-216,804,140,-722,-770,39,-384,0,0,0,0,0,0,0,0,39,0,404,-5,0,348,-23,-412,0,69,0,0,786,-65,330,0,0,0,282,317,226,-36,648,0,81,0,1915,1415,-409,-2995,8,-32,434,435,-1500,1040,-147,-435,137,1307,233,1442,717,-25,747,1432,162,170,891,635,-592,1443,-1519,-695,489,-367,-283,-234,0,531,-529,-448,50,-557,239,284,-358,9,369,283,664,-647,89,67,210,365,-523,-1153,840,506,1028,-300,127,612,240,1112,-249,8,205,-27,-476,0,5,5,5,5,5,5,5,-73,-327,234,71,-36,-302,118,-155,195,438,-233,5,154,-65,-240,30,-12,2,145,-105,-99,101,121,44,39,125,-3298
0,0,-15,0,0,0,0,0,0,0,0,0,0,0,0,0,0,0,0,0,-3,0,0,-3,0,0,0,0,-3,0,0,-3,0,0,-5,-6,0,-1,0,-6,0,0,0,0,0,0,0,0,-2,0,0,0,0,-10,0,0,-6,0,0,0,-2,0,0,0,0,-5,0,-2,-1,0,-5,0,0,0,0,0,0,0,0,0,-1,0,0,0,0,0,0,0,0,0,0,0,0,0,0,0,0,0,0,0,0,0,0,0,0,0,0,0,0,0,0,0,0,0,-19,0,0,0,0,0,0,0,0,0,0,0,0,0,0,0,0,0,0,-3,-6,-19,-1,0,-15,-2,0,0,0,0,0,0,0,-19,-3,0,0,-1,-8,-2,0,0,-3,0,0,-2,-1,0,-5,0,-5,0,-229,-101,-78,-40,-40,-19,-40,-10,0,0,0,-20,0,-9,0,-37,0,-40,-8,-29,-8,0,-15,-27,-10,0,-46,-36,-10,-15,-27,-37,0,-5,-5,-5,-5,-5,-5,-5,-1,0,0,0,-2,0,-1,-4,-4,0,-4,-1,-5,-1,0,-3,-3,-1,0,-5,-4,-1,-2,-3,-5,-72,0
0,93,211,2469,963,346,-366,-1421,1188,636,-215,212,-435,952,-2058,1154,120,395,-256,-357,1800,-521,-468,1476,255,-249,884,693,-595,1222,-726,-412,-1144,0,-1913,-1195,-940,-2251,-682,786,-671,-181,-310,1162,789,-159,1614,-1722,0,204,228,-3,429,-26,392,-4,-585,-818,0,-1683,78,-11,-371,-1,-20,-883,0,76,1029,-1072,325,-120,-710,-584,-280,422,1,127,-308,-154,1,1775,-404,-243,0,28,-1090,-1319,1938,-1875,-843,0,338,-303,1877,-544,-888,0,1496,0,0,0,0,0,0,0,0,-1142,-97,-263,-1,-2,-399,-123,1215,0,-7,0,0,672,-1027,561,0,-739,0,1157,97,224,0,-1679,0,-10,0,-1489,-652,888,-1,56,-13,612,698,1533,-1549,1076,-730,-142,-23,-311,-258,824,182,-1046,435,2455,470,-241,-688,-986,-1664,-276,1759,1101,-1380,158,-56,0,1524,-1455,658,-1055,-224,-321,696,337,31,-156,-160,-166,49,-802,77,-624,-997,-553,350,-1431,-757,-477,-225,-645,-649,694,531,422,-759,1061,-706,-632,0,-78,-78,-78,-78,-78,-78,-78,62,205,-102,182,-180,192,-450,391,-121,47,-63,-138,36,-78,228,-371,-325,-191,-7,82,368,40,-362,-98,-127,-517,143
0,-23,-10,0,-7,-4,0,-16,-9,0,0,0,0,0,0,-1,-1,0,0,0,0,0,-20,-8,0,0,0,-4,0,0,-1,-8,0,0,-15,-2,-2,-3,0,0,0,0,0,0,0,0,0,0,-1,0,-1,0,0,0,0,-11,0,0,0,0,0,0,0,0,0,-1,0,-12,-12,0,-8,-4,0,-4,0,0,0,0,0,0,0,0,0,0,0,0,0,0,-4,-4,0,0,0,0,0,0,0,0,0,0,0,0,0,0,0,0,0,0,0,0,-1,-1,-1,-3,-6,0,0,0,0,-2,0,0,0,0,0,0,0,-2,-1,0,0,0,0,-11,-14,-13,-6,0,-4,-4,0,0,0,-1,0,-1,-7,-24,0,-1,0,0,-6,0,-7,0,0,0,0,-4,-3,-1,-1,-2,-9,0,-305,-172,-125,-56,-48,-52,-30,-41,0,0,-17,-9,-8,-10,-28,-19,-8,-50,-10,-42,-10,-28,-8,-20,-40,-10,-32,-15,-8,-8,-50,-40,0,-7,-7,-7,-7,-7,-7,-7,-5,0,0,-2,-1,-1,-2,-6,-2,-1,-5,-1,-5,-1,-7,-5,-2,-4,-1,-4,-2,-1,-1,-6,-5,-109,-4
0,0,0,0,0,0,0,0,0,0,0,0,0,0,0,0,0,0,0,0,0,0,0,0,0,0,0,0,0,0,0,0,0,0,0,0,0,0,0,0,0,0,0,0,0,0,0,0,0,0,0,0,0,0,0,0,0,0,0,0,0,0,0,0,0,0,0,0,0,0,0,0,0,0,0,0,0,0,0,0,0,0,0,0,0,0,0,0,0,0,0,0,0,0,0,0,0,0,0,0,0,0,0,0,0,0,0,0,0,0,0,0,0,0,0,0,0,0,0,0,0,0,0,0,0,0,0,0,0,0,0,0,0,0,0,0,0,0,0,0,0,0,0,0,0,0,0,0,0,0,0,0,0,0,0,0,0,0,0,0,0,0,0,0,0,0,0,0,0,0,0,0,0,0,0,0,0,0,0,0,0,0,0,0,0,0,0,0,0,0,0,0,0,0,0,0,0,0,0,0,0,0,0,0,0,0,0,0,0,0,0,0,0,0,0,0,0,0,0,0,0,0,0,0,0,0,0,0,0,0,0,0,0
0,1336,1300,-316,675,-379,112,-278,442,-438,1056,359,-825,414,1403,8,91,603,0,47,388,1,7,-198,427,-380,-1219,-330,218,-6,-1837,0,-547,0,-802,-1325,625,-788,-187,-418,-1569,-184,-11,46,920,279,-4,-1661,-47,-1,-412,1,-511,-18,-89,-13,487,517,-71,863,587,0,-337,0,-97,736,0,44,1685,1120,30,-84,1099,-523,-851,593,-50,-904,-1,-13,768,269,-53,571,0,0,297,415,586,-1462,-1013,0,90,-850,149,198,-2038,0,-351,0,0,0,0,0,0,0,0,564,0,-1,0,0,-381,-195,-204,0,9,0,0,-212,-321,-173,0,-1,0,194,148,4,74,-73,0,0,0,16,-98,-158,-1269,1117,-1569,-750,1355,1286,1158,-377,-1,-872,-2244,-92,-137,-783,134,83,147,110,-18,380,-495,311,-872,612,446,88,1504,-122,-126,0,127,-517,-620,553,-259,985,-258,334,414,681,-425,528,316,-11,-814,148,368,865,198,-2,1394,-256,57,645,-40,-486,-237,173,219,-566,-151,1193,0,26,26,26,26,26,26,26,166,239,289,-18,-2,-54,-176,-88,12,30,100,-254,60,151,91,-92,26,-18,-125,-7,99,69,-301,-37,100,267,-1308
0,251,493,295,636,57,271,-84,194,15,121,68,4,90,33,218,62,-91,0,0,100,0,-10,-5,85,134,154,-24,-62,278,36,46,-32,0,-385,482,-77,-1,91,182,128,0,175,388,37,0,-73,-237,6,241,0,0,0,-8,0,2,0,73,0,-237,-136,0,-16,-15,32,-49,0,-300,-510,-587,-475,-185,-479,-4,-115,-156,-194,-124,0,1,13,-186,-253,-3,0,0,43,-43,-45,-132,-198,-109,78,-29,50,-189,93,27,2,0,0,0,0,0,0,0,0,-207,-54,6,0,0,61,0,377,0,0,0,0,0,0,-34,0,0,0,-41,4,-21,0,-24,0,0,0,-534,303,109,389,36,92,-222,-335,-120,67,25,-80,-79,-464,535,-134,323,-47,2,533,-43,29,-230,112,18,32,-130,-324,188,78,6,-48,0,363,-660,456,18,1,-66,94,-857,-446,-578,132,716,-350,-188,430,654,701,487,-207,-198,946,-240,-241,-37,-41,-806,-265,-663,634,148,89,-146,0,0,0,0,0,0,0,0,-132,-61,-19,18,64,-35,-85,138,57,93,44,16,47,86,-30,-76,5,0,-82,-58,-102,89,31,20,-28,338,-36
0,-133,-1061,970,-86,78,-1000,1349,803,-1625,-576,-2400,-174,-1328,-2784,920,1565,316,393,-163,153,-90,661,-1819,523,-1552,738,709,-1300,1711,383,-341,-1107,0,639,-1039,-806,428,1004,2495,3583,-4,1694,-1872,-139,198,1742,-1537,-1108,-985,-755,11,70,-83,525,-293,1222,225,2256,3451,-1108,0,-1455,-153,2090,1304,0,2720,-1087,1383,-258,-1522,-316,-1772,-1781,1619,3109,34,-1048,-1001,-699,-776,1045,-921,643,-147,-1166,2218,473,-1256,167,1709,-1367,434,-735,829,-1092,-615,-3117,0,0,0,0,0,0,0,0,1314,631,107,0,0,1074,-122,-1710,-968,-975,0,0,206,883,160,0,1082,-7,-177,-1329,1348,-330,-673,-970,-216,0,163,-1825,481,101,1521,-662,2091,-2399,1084,700,-1542,144,1529,1167,2063,1086,637,-342,-472,423,-1048,374,1025,140,-822,-158,-290,493,507,-187,-1418,-403,0,248,-1013,690,-473,-953,-389,97,-403,492,-458,256,-170,-346,143,-339,-210,183,-55,385,107,253,315,334,740,-34,-303,-370,34,81,-275,404,1058,0,16,16,16,16,16,16,16,-247,348,101,-227,-105,167,-400,-95,153,-311,65,197,-36,204,265,-130,358,155,16,-199,-16,191,-263,-85,54,138,-1909
0,448,189,-1052,-824,-841,1038,281,-866,1745,810,4355,1035,1181,-167,-459,1090,-1536,-122,-2510,950,1406,-1143,650,-3140,194,1736,2788,2263,-2924,643,-223,-146,0,-361,1078,64,261,273,2353,913,-65,2472,-1985,1088,847,-774,-6626,-2067,-1122,-1163,258,1536,-1239,3035,-5472,822,-210,-448,3567,2127,-6,397,-25,-325,-2049,0,34,10,199,-1153,459,-1045,1071,2230,911,1624,2033,1465,1504,524,280,-1289,-540,-1444,97,-193,2254,-350,-2318,-741,-620,211,-463,-588,-1196,-217,2809,-1533,0,0,0,0,0,0,0,0,19,328,2634,0,134,-1191,-591,-982,0,-3,-1,0,292,-1098,2130,0,1052,0,-731,-365,3233,-637,-778,45,-39,0,347,-117,-1413,719,646,-1415,515,-146,-1265,36,332,-1202,621,-939,113,-695,-424,548,1334,367,-1007,181,586,-707,-2189,-1018,-712,-715,95,-71,-431,-1841,0,-348,673,-1346,1097,31,51,1149,368,202,160,-65,21,187,479,675,157,187,221,320,183,190,566,140,146,283,427,-1038,-197,442,338,-45,693,0,71,71,71,71,71,71,71,154,318,550,315,230,174,-732,-244,-124,82,-54,464,36,478,-374,-15,-360,-278,353,71,399,-758,-11,390,-354,341,99
0,-4,0,-3,-3,-1,0,0,0,0,-1,0,0,0,0,0,0,0,-1,0,-2,0,-1,-1,-1,0,0,-1,0,0,0,0,0,0,-17,0,-1,-2,0,0,0,0,0,0,-1,-5,0,0,0,-1,0,0,0,0,0,0,-1,0,0,0,0,-7,0,0,0,0,0,-78,-6,-1,-21,0,0,-3,-15,0,0,0,-21,0,-1,0,0,0,0,0,-3,0,0,-21,0,0,0,0,0,0,0,0,-1,0,0,0,0,0,0,0,0,-5,0,0,0,0,0,0,0,0,0,0,0,0,0,0,0,0,0,0,0,0,0,0,0,0,0,-7,-30,-4,-3,0,-18,0,-10,0,-1,0,0,0,0,0,0,0,0,0,-2,0,-1,0,0,0,0,-1,-5,0,0,0,-6,0,-260,-174,-129,-50,-55,-38,-67,-20,0,-8,-52,-44,0,-9,0,-59,0,-9,-49,-13,0,-18,-13,-59,-50,-10,-8,-58,0,0,0,-53,0,-7,-7,-7,-7,-7,-7,-7,-5,0,-1,-6,-7,0,-1,0,-6,0,-1,-6,-2,0,-2,-7,-6,-5,-1,-1,-7,0,0,0,-6,-114,0
0,-9,224,-1230,-885,-1549,439,-160,-429,-1855,-884,-2239,-105,-287,-267,549,215,-1364,0,2994,882,28,215,-1957,33,-485,2099,-959,-116,1619,-1246,739,-44,0,-424,-170,-40,-1974,1170,-360,-2415,-139,-1216,-1304,1258,601,426,-2654,-1270,1836,-920,0,-1144,-292,283,393,1454,74,18,-2687,1545,-44,-352,-1097,1680,-3051,0,-192,-784,323,-1423,718,-452,-20,-1271,-80,303,-3009,-58,3521,1349,-1239,681,274,0,991,677,-2142,903,1343,-1764,-54,3081,-1238,-433,3252,-1180,-160,-2514,0,0,0,0,0,0,0,0,-10,-1071,1043,739,-3,4090,2054,-1293,951,-1987,0,0,-735,-1204,-1494,0,595,0,-2316,1997,-3090,-4886,-1307,0,137,0,602,-1010,1237,-338,-452,300,801,1459,-758,590,-242,-1971,386,-330,511,867,-833,-10,94,-331,557,732,1263,-1626,1857,1259,-230,-1069,-2343,1011,-3568,2634,0,65,-70,799,-707,-95,465,178,170,61,204,-87,26,-316,721,272,-85,261,80,-74,349,-72,295,-573,184,-7,381,179,132,-1323,159,-101,-246,0,-26,-26,-26,-26,-26,-26,-26,-22,-189,-5,-188,-151,782,46,-247,217,-282,7,956,55,-255,-103,354,-250,163,63,-109,-462,-26,-366,-141,-107,608,-423
0,-15,-3,-3,-3,0,0,0,0,-3,-3,0,0,0,0,-3,0,0,0,0,0,0,0,0,0,0,0,0,0,0,-3,0,0,0,-8,-2,-10,0,0,0,0,0,-1,0,0,0,0,0,-6,0,0,0,0,0,0,-2,-1,0,0,-1,0,0,0,-5,0,-1,0,0,0,0,0,0,-2,0,0,0,0,0,0,0,0,0,0,0,0,0,0,0,0,-1,0,0,0,0,0,0,0,0,0,0,0,0,0,0,0,0,0,-4,0,-3,0,0,-2,0,0,-1,0,0,0,-1,0,-1,0,0,0,-1,0,0,0,-6,0,0,0,-24,-9,-5,-1,0,-2,0,-3,-5,-9,0,0,-5,0,-7,-4,0,0,0,-1,0,-1,-2,0,0,-4,0,0,0,-20,0,-1,0,-228,-126,-82,-39,-40,-36,-50,-13,-31,-35,0,-30,-33,0,-24,-35,0,-20,-18,-8,-30,-5,-12,0,0,-34,0,0,0,-13,-30,-8,0,-5,-5,-5,-5,-5,-5,-5,-2,-4,-5,0,-3,-4,0,-4,-4,0,-2,-2,-1,-3,-1,-2,0,0,-4,0,0,0,-5,-3,-1,-51,0
0,-1175,-457,140,-612,202,751,1171,1077,128,-171,65,-210,418,766,-376,-118,1714,0,-210,-188,-2,1321,1387,170,-2,747,209,-511,625,1,725,113,0,-707,50,1769,-1162,267,266,841,-9,-165,-448,-510,18,125,777,-23,-47,-35,0,-2,-2,24,278,-83,97,0,-699,-667,0,336,0,-304,-4,0,1884,-68,-1940,198,-1388,455,1323,-155,238,-493,88,0,-126,-1569,190,0,1909,0,-65,103,0,-1427,1569,33,-46,-86,-2115,-138,-157,379,-1465,611,0,0,0,0,0,0,0,0,-1291,-19,-40,0,0,157,-625,-124,0,0,0,0,-494,-2,-299,0,0,0,-657,-468,-136,0,169,0,0,0,-339,37,73,-1439,692,135,-1852,-1464,-464,-434,61,1090,974,1414,-1202,-81,-1105,0,-334,-776,187,-667,1601,55,6,-1177,-2335,-183,33,-1237,107,1112,0,-434,298,294,845,467,-1367,-38,632,-502,616,107,142,-598,277,155,386,207,80,396,-243,-127,114,854,-455,572,782,1146,408,2083,-291,1237,12,0,30,30,30,30,30,30,30,-121,-124,-97,-19,104,95,104,-138,14,269,8,-121,-160,8,-68,666,-10,53,-109,-423,-56,292,-98,30,201,-1101,968
0,85,1449,1399,-568,-1450,-647,384,-1330,341,1866,-875,-1545,2305,122,-818,-365,-1766,-1603,2328,509,-987,-69,-1193,90,1819,558,-1502,1461,-199,267,321,1008,0,2616,-503,1168,6730,-341,523,6163,-1380,-2114,-1985,3379,-373,-1614,8237,-132,-1137,-2067,-1061,-676,-1314,1640,-299,-1279,-866,44,-2376,804,-851,-1800,-142,143,4197,0,466,1398,1717,571,1216,-1679,-55,1993,734,62,-2407,2335,86,1468,-3316,328,-1580,-1,2839,707,-448,78,-1192,-3282,-2088,-1142,2538,-2293,1797,-920,-1092,497,0,0,0,0,0,0,0,0,172,-746,-743,-100,1903,-380,1116,-805,-783,3382,-4,0,-1454,1549,-2224,0,1026,0,-497,-1417,-1380,388,404,0,0,0,86,-585,132,605,-1464,379,-627,-328,-760,1086,-297,1898,-1395,493,500,-3439,866,954,244,496,875,457,-830,-30,1546,-894,229,-1913,439,620,2157,-1378,0,-26,-163,-40,1123,-145,-16,-728,203,182,44,-96,-65,-21,136,71,84,15,255,471,246,-134,195,-54,305,-3,229,180,86,115,-144,-89,-323,0,-273,-273,-273,-273,-273,-273,-273,-67,130,-12,304,641,-9,1089,-450,-583,-115,-146,-2400,-81,303,-476,-304,-276,190,-380,-44,-489,374,244,100,-273,-520,908
