0,0,0,0,0,0,0,0,0,0,0,0,0,0,0,0,0,0,0,0,0,0,0,0,0,0,0,0,0,0,0,0,0,0,0,0,0,0,0,0,0,0,0,0,0,0,0,0,0,0,0,0,0,0,0,0,0,0,0,0,0,0,0,0,0,0,0,0,0,0,0,0,0,0,0,0,0,0,0,0,0,0,0,0,0,0,0,0,0,0,0,0,0,0,0,0,0,0,0,0,0,0,0,0,0,0,0,0,0,0,0,0,0,0,0,0,0,0,0,0,0,0,0,0,0,0,0,0,0,0,0,0,0,0,0,0,0,0,0,0,0,0,0,0,0,0,0,0,0,0,0,0,0,0,0,0,0,0,0,0,0,0,0,0,0,0,0,0,0,0,0,0,0,0,0,0,0,0,0,0,0,0,0,0,0,0,0,0,0,0,0,0,0,0,0,0,0,0,0,0,0,0,0,0,0,0,0,0,0,0,0,0,0,0,0,0,0,0,0,0,0,0,0,0,0,0,0,0,0,0,0,0,0
0,0,0,0,0,0,0,0,0,0,0,0,0,0,0,0,0,0,0,0,0,0,0,0,0,0,0,0,0,0,0,0,0,0,0,0,0,0,0,0,0,0,0,0,0,0,0,0,0,0,0,0,0,0,0,0,0,0,0,0,0,0,0,0,0,0,0,0,0,0,0,0,0,0,0,0,0,0,0,0,0,0,0,0,0,0,0,0,0,0,0,0,0,0,0,0,0,0,0,0,0,0,0,0,0,0,0,0,0,0,0,0,0,0,0,0,0,0,0,0,0,0,0,0,0,0,0,0,0,0,0,0,0,0,0,0,0,0,0,0,0,0,0,0,0,0,0,0,0,0,0,0,0,0,0,0,0,0,0,0,0,0,0,0,0,0,0,0,0,0,0,0,0,0,0,0,0,0,0,0,0,0,0,0,0,0,0,0,0,0,0,0,0,0,0,0,0,0,0,0,0,0,0,0,0,0,0,0,0,0,0,0,0,0,0,0,0,0,0,0,0,0,0,0,0,0,0,0,0,0,0,0,0
0,0,0,0,0,0,0,0,0,0,0,0,0,0,0,0,0,0,0,0,0,0,0,0,0,0,0,0,0,0,0,0,0,0,0,0,0,0,0,0,0,0,0,0,0,0,0,0,0,0,0,0,0,0,0,0,0,0,0,0,0,0,0,0,0,0,0,0,0,0,0,0,0,0,0,0,0,0,0,0,0,0,0,0,0,0,0,0,0,0,0,0,0,0,0,0,0,0,0,0,0,0,0,0,0,0,0,0,0,0,0,0,0,0,0,0,0,0,0,0,0,0,0,0,0,0,0,0,0,0,0,0,0,0,0,0,0,0,0,0,0,0,0,0,0,0,0,0,0,0,0,0,0,0,0,0,0,0,0,0,0,0,0,0,0,0,0,0,0,0,0,0,0,0,0,0,0,0,0,0,0,0,0,0,0,0,0,0,0,0,0,0,0,0,0,0,0,0,0,0,0,0,0,0,0,0,0,0,0,0,0,0,0,0,0,0,0,0,0,0,0,0,0,0,0,0,0,0,0,0,0,0,0
0,0,0,0,0,0,0,0,0,0,0,0,0,0,0,0,0,0,0,0,0,0,0,0,0,0,0,0,0,0,0,0,0,0,0,0,0,0,0,0,0,0,0,0,0,0,0,0,0,0,0,0,0,0,0,0,0,0,0,0,0,0,0,0,0,0,0,0,0,0,0,0,0,0,0,0,0,0,0,0,0,0,0,0,0,0,0,0,0,0,0,0,0,0,0,0,0,0,0,0,0,0,0,0,0,0,0,0,0,0,0,0,0,0,0,0,0,0,0,0,0,0,0,0,0,0,0,0,0,0,0,0,0,0,0,0,0,0,0,0,0,0,0,0,0,0,0,0,0,0,0,0,0,0,0,0,0,0,0,0,0,0,0,0,0,0,0,0,0,0,0,0,0,0,0,0,0,0,0,0,0,0,0,0,0,0,0,0,0,0,0,0,0,0,0,0,0,0,0,0,0,0,0,0,0,0,0,0,0,0,0,0,0,0,0,0,0,0,0,0,0,0,0,0,0,0,0,0,0,0,0,0,0
0,0,0,0,0,0,0,0,0,0,0,0,0,0,0,0,0,0,0,0,0,0,0,0,0,0,0,0,0,0,0,0,0,0,0,0,0,0,0,0,0,0,0,0,0,0,0,0,0,0,0,0,0,0,0,0,0,0,0,0,0,0,0,0,0,0,0,0,0,0,0,0,0,0,0,0,0,0,0,0,0,0,0,0,0,0,0,0,0,0,0,0,0,0,0,0,0,0,0,0,0,0,0,0,0,0,0,0,0,0,0,0,0,0,0,0,0,0,0,0,0,0,0,0,0,0,0,0,0,0,0,0,0,0,0,0,0,0,0,0,0,0,0,0,0,0,0,0,0,0,0,0,0,0,0,0,0,0,0,0,0,0,0,0,0,0,0,0,0,0,0,0,0,0,0,0,0,0,0,0,0,0,0,0,0,0,0,0,0,0,0,0,0,0,0,0,0,0,0,0,0,0,0,0,0,0,0,0,0,0,0,0,0,0,0,0,0,0,0,0,0,0,0,0,0,0,0,0,0,0,0,0,0
0,0,0,0,0,0,0,0,0,0,0,0,0,0,0,0,0,0,0,0,0,0,0,0,0,0,0,0,0,0,0,0,0,0,0,0,0,0,0,0,0,0,0,0,0,0,0,0,0,0,0,0,0,0,0,0,0,0,0,0,0,0,0,0,0,0,0,0,0,0,0,0,0,0,0,0,0,0,0,0,0,0,0,0,0,0,0,0,0,0,0,0,0,0,0,0,0,0,0,0,0,0,0,0,0,0,0,0,0,0,0,0,0,0,0,0,0,0,0,0,0,0,0,0,0,0,0,0,0,0,0,0,0,0,0,0,0,0,0,0,0,0,0,0,0,0,0,0,0,0,0,0,0,0,0,0,0,0,0,0,0,0,0,0,0,0,0,0,0,0,0,0,0,0,0,0,0,0,0,0,0,0,0,0,0,0,0,0,0,0,0,0,0,0,0,0,0,0,0,0,0,0,0,0,0,0,0,0,0,0,0,0,0,0,0,0,0,0,0,0,0,0,0,0,0,0,0,0,0,0,0,0,0
0,0,0,0,0,0,0,0,0,0,0,0,0,0,0,0,0,0,0,0,0,0,0,0,0,0,0,0,0,0,0,0,0,0,0,0,0,0,0,0,0,0,0,0,0,0,0,0,0,0,0,0,0,0,0,0,0,0,0,0,0,0,0,0,0,0,0,0,0,0,0,0,0,0,0,0,0,0,0,0,0,0,0,0,0,0,0,0,0,0,0,0,0,0,0,0,0,0,0,0,0,0,0,0,0,0,0,0,0,0,0,0,0,0,0,0,0,0,0,0,0,0,0,0,0,0,0,0,0,0,0,0,0,0,0,0,0,0,0,0,0,0,0,0,0,0,0,0,0,0,0,0,0,0,0,0,0,0,0,0,0,0,0,0,0,0,0,0,0,0,0,0,0,0,0,0,0,0,0,0,0,0,0,0,0,0,0,0,0,0,0,0,0,0,0,0,0,0,0,0,0,0,0,0,0,0,0,0,0,0,0,0,0,0,0,0,0,0,0,0,0,0,0,0,0,0,0,0,0,0,0,0,0
0,143,21,331,2,-58,138,-13,137,-99,164,-36,-189,327,483,213,37,-55,-60,5,417,-20,-155,3,22,0,-129,218,-164,-186,207,12,12,0,303,-41,19,94,-8,14,18,179,204,-37,-4,-28,-167,-1216,-66,-4,-14,5,56,-57,-34,126,1,-59,0,-94,-87,11,241,107,50,-2,0,165,166,-8,-18,43,57,215,-73,-22,-132,17,-18,-6,-319,208,-59,-111,5,0,-337,10,126,15,183,-8,8,-33,43,-114,264,8,-126,0,0,0,0,0,0,0,0,267,0,-121,0,0,-109,-99,-21,0,4,0,0,-20,5,-19,0,0,0,41,74,-26,0,33,0,0,0,57,65,-305,268,-281,-56,-104,-350,-204,362,-42,7,-329,958,-3,-17,123,80,46,180,88,51,-36,143,-50,117,-29,98,42,-125,11,122,0,-24,75,355,522,456,43,230,30,35,192,-117,-27,114,427,159,13,-227,-490,183,-193,101,232,225,-39,-242,-74,-34,-112,97,-279,159,237,0,19,19,19,19,19,19,19,19,-4,43,-18,-22,-17,19,49,-3,-28,-46,43,-1,15,34,26,25,-30,-1,17,-15,8,14,24,39,371,-198
0,185,546,-22,-38,39,126,426,175,95,-36,132,0,-15,94,-145,-28,31,0,115,-111,-57,-405,126,-4,-10,126,34,-37,18,-185,3,-40,0,-365,-340,-293,139,72,339,228,-266,57,-70,69,-22,-38,549,-68,-55,42,0,-15,-118,-16,-266,62,9,-17,5,-64,-1,-152,207,3,90,0,41,-228,-293,39,-69,-126,-476,-89,22,-11,-279,0,-39,-20,-14,9,65,0,68,238,4,-13,6,0,0,81,64,-23,71,23,-2,-13,0,0,0,0,0,0,0,0,-149,0,107,17,0,-38,-238,132,0,0,0,0,-63,-18,23,0,0,0,-42,-59,-39,-1,132,0,0,0,-336,-168,442,334,41,-36,99,-407,-285,-52,37,-14,-174,243,-494,-10,-237,0,-3,-213,-32,45,-77,-18,-22,-54,83,-43,-21,466,22,-241,0,156,461,-53,7,-91,39,-173,336,53,-351,175,287,397,-689,499,261,319,-270,291,97,-69,179,-284,409,297,-350,14,-197,-285,100,284,-152,0,-1,-1,-1,-1,-1,-1,-1,-40,-1,-22,5,23,10,-1,-9,36,22,-27,73,-17,-20,9,-18,39,11,-28,-1,-34,-37,10,31,-24,71,-262
0,67,42,36,87,2,0,103,-13,-11,9,8,-5,-3,-44,-28,0,27,12,0,-45,0,28,0,22,0,23,41,54,33,-25,0,-1,0,28,35,5,20,0,18,1,-8,-30,21,14,-9,0,-11,-1,-11,13,0,0,-2,0,24,0,-3,0,0,31,0,-25,-3,0,0,0,93,16,-99,-59,0,10,-7,-75,9,2,-36,-1,0,-20,12,-17,24,-3,0,52,0,-22,21,0,0,0,9,-36,0,41,0,-3,0,0,0,0,0,0,0,0,0,0,-10,0,0,-3,-1,20,0,0,0,0,-29,0,-21,0,0,0,0,-5,-22,0,-3,0,0,0,63,58,124,32,18,35,23,-83,-14,-10,-14,-4,-4,-52,46,12,-19,0,-2,32,-4,-19,53,0,0,0,25,-17,2,-2,0,19,0,145,-4,22,6,20,-23,-83,59,-56,38,-242,-1,-100,178,-49,186,-45,161,111,112,64,172,22,111,434,-103,-81,-149,40,44,-170,-132,0,5,5,5,5,5,5,5,-12,-11,5,-27,-2,-11,5,0,17,0,17,10,12,6,16,12,13,43,-8,2,-17,5,5,-17,-13,174,-24
0,-293,-1,-107,-174,-17,4,113,61,0,-31,-15,1,0,-159,-47,0,-5,-7,0,-33,-8,-53,0,0,-1,9,-18,-39,-59,-21,0,11,0,380,128,38,-114,-17,124,-7,-43,-6,-24,6,-7,-14,-1,-10,0,-25,-3,-18,-2,-33,21,0,-3,-2,-81,0,-58,75,-1,0,15,0,-44,34,190,161,-16,-15,-72,-21,-17,-7,0,0,0,-57,-21,-11,0,-1,0,-51,-1,-14,28,0,0,-161,-18,-12,-5,-147,0,-1,0,0,0,0,0,0,0,0,158,-2,-4,0,0,30,225,117,0,-2,0,0,26,55,158,0,0,0,110,41,81,-32,0,0,0,0,-48,43,29,20,37,-35,44,151,-31,40,20,-5,-3,-48,40,-16,123,0,-18,-111,-6,34,379,0,-2,11,-173,-79,-40,87,68,24,0,148,-15,-27,-8,61,-30,56,154,319,119,51,-79,-13,102,301,287,9,-129,-160,-159,-37,424,-167,-357,-5,123,-216,-463,-429,2,382,178,0,6,6,6,6,6,6,6,46,27,9,6,-9,0,6,38,26,10,-14,-15,-33,-3,57,30,-36,-1,0,-39,-57,-49,-8,45,24,158,11
0,167,126,64,-177,-159,-63,-45,15,-2,-35,31,-58,-11,19,12,-1,-3,0,0,-105,-39,99,70,32,0,79,-23,-117,-12,10,0,-4,0,69,3,3,248,16,9,0,-4,0,11,0,3,-11,-58,-22,0,34,0,0,-27,3,-29,0,-145,0,-77,-2,-1,-5,-23,0,6,0,126,-77,-58,40,-6,-25,-30,3,-7,132,-28,13,-11,71,-2,0,45,0,0,1,88,181,-3,-28,0,76,-7,-9,8,-9,0,-2,0,0,0,0,0,0,0,0,0,0,-8,0,0,0,241,161,0,0,0,0,-1,10,-71,0,182,0,-6,37,20,0,12,0,0,0,-623,89,-89,165,12,114,93,13,-42,-69,5,22,-23,-73,114,0,-23,4,0,-102,-97,-101,77,-27,0,5,-13,-124,-22,1,0,-5,0,152,75,277,-62,185,13,-36,33,-47,189,142,80,91,-135,-23,-119,-63,376,-98,-26,185,6,-240,246,-180,-47,168,301,-109,-1,-140,-135,0,6,6,6,6,6,6,6,6,-11,22,14,6,3,6,24,-12,-1,38,-11,-26,15,8,-12,26,-18,3,16,7,-14,-1,-14,-14,56,36
0,134,19,-95,60,-2,-41,55,-22,-46,0,13,0,-12,-199,-27,-23,20,0,0,45,0,12,-2,-10,0,9,14,19,4,10,0,-6,0,-3,-9,-11,-14,0,31,-2,-2,36,0,17,11,1,-19,0,0,0,0,0,-2,0,-8,0,-1,0,-11,13,0,-24,-1,0,-13,0,73,132,68,107,28,40,142,-7,0,2,0,0,18,8,38,19,0,0,0,-6,0,-16,0,0,0,-1,6,17,-5,-2,0,-4,0,0,0,0,0,0,0,0,-2,0,-9,0,0,-1,-58,10,0,0,0,0,-12,0,-4,0,0,0,-34,-25,-1,-25,-50,0,0,0,159,-27,-69,19,44,-30,89,38,-4,-15,-18,0,-32,43,-27,13,137,0,0,28,2,14,42,-14,0,9,32,-6,-27,-137,0,-18,0,62,-17,180,6,-54,16,-4,85,174,52,119,29,46,245,-54,-69,316,-30,158,7,-222,2,48,-175,10,-162,100,421,-193,-160,-80,-217,0,2,2,2,2,2,2,2,9,16,3,15,4,2,2,-6,-6,45,-3,18,6,-22,0,11,-20,1,-19,14,45,-27,-34,-8,-26,63,-21
0,-808,-364,-52,356,-104,-545,347,101,-181,22,-113,136,170,423,892,14,-462,90,-66,-34,84,348,-372,207,0,-539,13,350,223,-388,-36,106,0,331,-122,-212,-451,-346,14,-297,1099,-390,326,101,-33,327,215,216,-42,74,-34,52,772,159,-329,-10,294,10,709,124,255,-72,22,-45,126,0,34,98,-273,-285,84,388,9,-296,56,397,16,-35,-407,-56,205,58,19,-39,-53,-170,13,-281,-354,-393,-44,-91,36,54,267,273,-39,-231,0,0,0,0,0,0,0,0,-147,1,138,1,73,100,561,-79,0,62,0,0,290,281,219,0,-182,0,-128,324,123,-115,-161,0,0,0,345,-125,430,-1127,146,-74,130,-248,-229,-397,19,102,801,-547,72,-127,-183,-44,83,349,4,156,-201,-374,54,109,-82,-76,135,-241,-289,346,0,380,511,-97,478,188,150,73,-369,54,-108,-65,-63,-201,-638,-336,-344,238,-173,110,-297,-291,-853,261,-342,-511,175,-132,-326,-178,632,129,-114,0,-4,-4,-4,-4,-4,-4,-4,14,-102,29,9,18,79,-4,97,-56,-35,-20,28,91,25,-130,-83,-79,-41,14,31,38,26,36,-28,3,382,647
0,128,81,-191,127,-88,541,-95,-61,43,285,120,-20,-66,340,-87,-46,109,14,11,-3,0,82,22,-68,87,-72,-80,19,52,108,3,134,0,-564,-3,277,-199,-1,-243,-98,-131,61,-113,-117,24,-15,-265,423,53,51,1,-52,322,0,20,5,-192,84,3,17,49,30,-148,-27,-185,0,38,334,125,-97,-108,-88,131,348,29,-117,72,-33,-22,-66,-13,16,-11,1,-35,-25,0,34,0,14,0,-166,-28,10,-69,-255,1,69,0,0,0,0,0,0,0,0,71,-41,-152,0,0,40,-29,-628,0,2,0,0,9,0,-30,0,96,0,128,-57,-18,0,29,0,0,0,383,-201,151,636,-101,-41,-231,231,11,292,-70,-152,-94,-31,384,99,-255,0,-242,181,-54,-143,-84,114,36,198,113,80,82,406,-1,-44,0,660,-539,-183,241,410,-3,35,-28,132,172,-432,230,87,231,61,-202,-196,-136,62,-94,334,196,123,416,-49,-267,-111,-310,205,90,-46,107,0,14,14,14,14,14,14,14,43,47,32,-40,5,-7,14,14,-8,-38,-12,-52,39,28,0,10,38,16,-15,-12,-17,30,23,-7,9,179,51
0,62,-42,-39,13,-1,-14,7,83,79,6,-3,0,0,-30,11,0,22,0,0,72,-10,-1,0,0,0,105,14,-14,57,-40,0,-9,0,62,23,9,-2,0,-5,14,-28,-24,-16,-17,0,0,89,-6,1,-12,0,0,-1,0,40,0,0,0,-23,7,-11,-38,-2,-1,33,0,-202,-146,-33,-60,0,-61,0,-125,-12,-48,0,0,-38,-115,-1,0,-13,0,0,-77,0,0,-33,0,0,0,0,-2,-34,-6,0,-18,0,0,0,0,0,0,0,0,240,0,42,0,0,0,39,2,0,0,0,0,18,0,-5,0,0,0,-2,-1,-15,0,-1,0,0,0,59,109,-10,-37,7,11,59,176,-61,-27,-22,0,-6,-42,-1,-34,-42,0,-40,22,-1,-1,-55,0,-1,-5,14,0,-24,-79,0,17,0,143,179,94,109,2,77,-76,-266,-31,73,-318,-460,-46,69,-75,43,55,30,-140,426,21,187,96,140,41,135,96,92,-41,-22,-59,48,0,1,1,1,1,1,1,1,8,-5,3,-36,-46,-9,1,-7,1,1,3,-8,46,1,22,1,14,4,21,13,5,-8,-15,-6,6,-46,-2
0,83,-158,-142,252,-14,-147,27,-34,-14,-221,39,121,-4,-215,-129,4,128,0,-1,297,81,-129,33,-35,-22,-60,5,-61,2,-132,-1,3,0,-64,54,26,15,-6,-46,-1,-23,-48,-34,23,-35,-1,209,-24,16,-30,-20,-13,16,-4,41,-33,-27,0,-8,-35,-14,-14,-18,49,-12,0,143,105,101,136,0,-3,-1,7,15,-223,-2,-29,-1,-55,-77,-1,92,0,10,80,-14,-9,267,28,0,-6,-15,-1,1,-112,0,-23,0,0,0,0,0,0,0,0,106,0,49,0,0,0,92,-98,0,27,0,0,0,-10,1,0,0,0,0,15,151,7,14,0,0,0,-67,159,-57,-357,-22,110,18,95,311,-183,57,-133,15,-143,-139,23,-29,0,-7,254,-22,-111,-56,16,8,-81,-5,32,-36,-101,106,-41,0,359,-121,218,119,82,126,-6,-221,210,13,263,616,-229,163,-253,-102,-127,170,-556,463,-31,-63,120,178,64,-285,-425,413,350,-51,116,83,0,5,5,5,5,5,5,5,-7,45,-61,38,54,-22,5,-72,-6,5,15,-68,111,0,-27,38,16,5,-44,-46,52,31,-40,27,1,-376,72
0,115,-16,-40,-93,4,-4,2,-61,0,70,-1,0,74,-55,-121,0,-2,-5,2,58,0,-75,0,-1,0,37,-44,-20,0,140,0,-5,0,-288,-78,0,31,0,0,-216,-3,0,0,-19,0,-12,36,0,0,74,2,-2,-36,0,-86,0,0,0,-9,183,0,0,-2,0,8,0,35,1,1,62,0,3,-58,6,0,191,0,0,-2,-46,9,0,0,0,0,-2,-1,0,0,0,0,-1,1,0,0,185,0,0,0,0,0,0,0,0,0,0,-51,0,-60,0,0,-24,137,60,0,-59,0,0,-25,0,63,0,0,0,0,-281,0,0,-118,0,0,0,137,-41,-162,5,0,-103,-73,-48,0,15,-20,0,25,14,-27,0,0,-7,0,2,0,-124,0,0,-1,0,-4,23,0,35,0,192,0,92,194,241,18,12,120,183,-3,0,-136,-160,230,199,-66,-211,150,97,30,-310,-7,-9,182,248,-39,-299,253,85,47,0,-130,20,-165,0,2,2,2,2,2,2,2,-16,0,8,-20,23,26,2,-29,15,11,2,-36,-1,-1,-4,31,-4,-30,28,-6,5,0,11,2,3,-190,2
0,-16,-60,-68,23,-13,18,-8,2,0,5,12,-11,0,-12,106,0,8,4,0,-2,-19,-34,0,0,0,-19,-11,24,0,-2,0,-18,0,117,41,100,-17,11,19,1,-43,28,0,74,0,-53,-11,-14,0,8,3,6,-7,0,-6,0,0,0,1,-24,-6,-19,0,0,8,0,4,29,-49,-47,30,-33,24,37,-20,11,-89,-8,0,-36,-50,0,-17,0,29,0,0,-6,0,-11,0,-1,29,-26,-13,0,0,29,0,0,0,0,0,0,0,0,35,0,-2,0,0,56,98,-3,0,-2,0,0,2,11,32,0,0,0,18,8,-29,12,-1,0,0,0,57,-69,35,23,-9,-12,34,13,-2,20,-5,-11,1,61,-25,12,10,3,22,3,-8,15,0,-25,2,58,-4,-23,-7,75,0,-11,0,235,238,124,37,29,56,-56,96,74,-44,-132,30,26,-40,286,-22,-137,-160,-126,14,-114,419,-40,76,-122,113,152,-220,-113,118,-80,182,0,6,6,6,6,6,6,6,14,8,-1,-14,0,3,6,30,-1,-13,-15,6,1,-13,42,-5,4,-12,17,15,-28,-14,19,-8,19,89,10
0,-585,-188,-41,-648,174,-53,-423,-390,178,-272,-113,52,-87,-290,-247,59,-28,-19,-2,-651,-147,109,-144,-159,-75,263,-370,51,128,67,3,-53,0,60,83,136,166,116,-53,127,-125,132,158,68,-91,162,-205,-106,-25,-41,14,-20,-159,56,171,0,136,-66,-148,46,-97,-106,191,19,28,0,-47,-263,-32,70,-50,-272,-179,-36,-41,-143,-3,89,250,325,-216,17,-87,40,0,612,23,-10,-79,222,0,496,58,-69,-44,115,6,74,0,0,0,0,0,0,0,0,-53,0,96,0,-61,-225,234,692,0,-1,0,0,-62,-130,-75,0,-96,0,127,107,1,115,-57,0,0,0,9,272,103,-232,190,-23,335,247,558,-276,65,109,-99,0,138,103,20,-77,95,285,91,30,-218,77,53,-80,-149,9,72,-503,52,-50,0,517,155,138,-106,-374,342,61,-33,109,217,258,-288,-41,-49,409,-104,242,392,-7,45,-73,-14,265,-28,-261,-78,55,75,-445,-673,-250,351,0,7,7,7,7,7,7,7,-39,107,-22,25,-19,-4,7,67,5,22,35,-50,7,-18,48,-22,19,-29,45,-35,-3,-28,-78,-17,47,-150,53
0,82,-10,1,-10,-1,-18,16,-10,22,0,-10,-5,0,18,0,0,-1,0,0,-33,-24,-4,-4,-1,0,32,4,-6,18,0,0,-9,0,-15,9,-1,28,0,-1,0,-2,6,0,25,-4,0,-10,0,0,-2,0,0,-14,3,-10,-1,0,0,-10,0,0,-3,0,0,0,0,6,-2,9,-7,4,28,6,-2,0,0,0,-10,0,4,0,0,0,0,0,-21,-8,2,0,1,0,0,0,-2,-8,24,0,1,0,0,0,0,0,0,0,0,54,0,0,0,0,0,4,0,0,0,0,0,-1,-1,19,0,0,0,0,0,0,0,0,0,0,0,118,62,9,-25,25,4,0,56,32,34,-10,-1,4,42,-6,-6,-2,-4,-1,-20,-37,12,43,-1,0,-4,-2,-4,21,30,0,-9,0,112,89,56,-5,4,19,5,114,128,-58,85,-100,-34,-17,-24,106,-35,-26,127,-1,95,42,-102,-48,-30,103,10,-28,52,-40,-30,-63,0,4,4,4,4,4,4,4,21,19,-3,9,-12,-3,4,-3,10,-4,-3,11,-9,4,6,-8,-5,-3,12,2,-4,8,2,-3,-8,116,11
0,345,136,431,299,-5,-114,-183,153,34,202,-26,14,102,71,32,0,124,-8,-1,-255,-78,-46,122,-6,0,-9,28,-8,30,-23,22,18,0,-46,-262,-133,155,50,-82,-48,-120,-16,-16,-41,26,7,225,-16,-5,-44,30,-2,-94,-50,-105,-4,-5,0,8,72,-27,-2,-68,-9,-170,0,19,183,38,-531,-2,264,23,173,24,135,-1,7,-2,-15,-17,18,79,-50,0,-63,-75,163,91,-8,-6,-17,9,-18,2,-107,41,140,0,0,0,0,0,0,0,0,-80,-7,-81,-17,0,-64,-294,-154,0,-19,0,0,-25,-48,-107,0,0,0,-17,-56,-87,-2,-21,0,0,0,182,125,-224,289,-57,36,-2,461,10,35,64,65,-66,1,166,-71,-79,1,-7,-130,67,180,-35,0,-24,-60,-31,25,-14,126,68,-112,0,154,55,29,-56,46,-72,313,83,-139,-10,310,158,-47,50,-131,238,299,-183,-120,-403,134,-65,-158,57,-130,-87,-222,-45,116,583,58,122,0,4,4,4,4,4,4,4,67,-9,27,23,27,-8,4,-12,18,36,-21,-30,-97,-5,4,2,5,-16,-17,-20,-16,13,49,18,-2,121,66
0,0,0,0,0,0,0,0,0,0,0,0,0,0,0,0,0,0,0,0,0,0,0,0,0,0,0,0,0,0,0,0,0,0,0,0,0,0,0,0,0,0,0,0,0,0,0,0,0,0,0,0,0,0,0,0,0,0,0,0,0,0,0,0,0,0,0,0,0,0,0,0,0,0,0,0,0,0,0,0,0,0,0,0,0,0,0,0,0,0,0,0,0,0,0,0,0,0,0,0,0,0,0,0,0,0,0,0,0,0,0,0,0,0,0,0,0,0,0,0,0,0,0,0,0,0,0,0,0,0,0,0,0,0,0,0,0,0,0,0,0,0,0,0,0,0,0,0,0,0,0,0,0,0,0,0,0,0,0,0,0,0,0,0,0,0,0,0,0,0,0,0,0,0,0,0,0,0,0,0,0,0,0,0,0,0,0,0,0,0,0,0,0,0,0,0,0,0,0,0,0,0,0,0,0,0,0,0,0,0,0,0,0,0,0,0,0,0,0,0,0,0,0,0,0,0,0,0,0,0,0,0,0
0,-53,256,48,-8,-30,-6,0,4,-34,0,-1,10,-1,-229,-11,0,18,0,0,394,-8,-45,15,0,0,-26,237,-20,0,-21,0,-107,0,-11,-115,7,-7,-10,5,0,-10,-9,3,3,-10,5,246,0,0,14,0,0,-316,-1,0,15,6,0,16,-77,0,0,0,0,124,0,-2,12,-2,12,-2,-19,0,-4,0,0,15,-10,-1,11,-2,0,-10,0,0,-1,0,0,0,0,0,0,0,0,-1,-13,0,0,0,0,0,0,0,0,0,0,16,0,0,0,0,3,-58,-2,0,0,0,0,-40,-10,0,0,0,0,-1,-103,-24,0,-7,0,0,0,15,-194,-14,58,-12,85,178,-23,-31,2,5,-25,6,-39,5,0,110,0,0,-25,-36,-59,90,-26,0,-63,0,-12,-1,-46,7,21,0,201,204,85,13,102,-17,-118,117,-50,165,148,35,58,132,60,80,-182,-110,46,-32,15,-111,56,83,-60,-83,-37,56,132,27,103,132,0,6,6,6,6,6,6,6,10,-13,17,17,0,7,6,5,8,-5,-11,5,-2,-4,-23,22,6,-6,-16,2,0,13,-6,11,17,-53,8
0,-23,18,4,22,0,-14,-4,28,0,0,0,0,0,-4,-12,0,-4,0,0,0,0,-7,0,0,-1,16,0,0,0,-7,0,0,0,18,0,2,11,0,4,0,0,-2,0,2,0,0,-4,0,0,0,0,0,-1,0,0,0,0,6,9,-4,0,0,-7,0,-4,0,-14,60,-8,0,16,17,-12,17,16,0,0,0,0,5,-7,16,-4,0,0,2,0,-12,-4,0,0,-14,-4,0,9,-7,0,0,0,0,0,0,0,0,0,0,2,0,0,0,0,0,6,6,0,0,0,0,0,0,0,0,0,0,0,0,0,0,0,0,0,0,49,50,62,27,-7,50,0,27,36,-10,0,0,0,-50,-37,-7,-8,0,0,-1,0,-22,-24,0,0,-14,-4,-20,25,-13,0,-5,0,288,43,28,48,39,-9,100,-4,120,-40,16,0,0,105,-10,81,136,20,20,100,0,-79,-4,150,55,93,-28,-20,56,-25,0,-40,0,6,6,6,6,6,6,6,7,17,-5,2,0,0,6,-6,9,12,2,2,10,0,-12,-4,15,6,9,-4,-4,9,-6,0,-5,110,0
0,-292,-136,-42,-160,108,-150,-280,-100,-71,-4,11,62,-167,-139,-76,-31,34,-14,-9,-183,-10,-202,-70,74,0,77,-67,106,17,232,0,-125,0,-28,25,24,61,-11,-3,1,-19,-50,0,-65,65,-1,133,-17,36,-25,-5,-1,-139,0,182,-39,-12,-36,-178,-52,-10,-33,-70,0,-15,0,54,65,223,-68,-21,-75,270,107,-13,0,198,0,146,134,-36,-16,0,0,0,337,-28,1,-84,0,59,-158,106,0,-22,35,-1,136,0,0,0,0,0,0,0,0,-16,0,0,0,0,-7,-117,68,0,0,0,0,2,-3,46,0,0,0,-116,-32,0,0,-53,0,0,0,328,44,61,130,-136,41,-185,-99,-152,-9,37,129,-97,70,132,-72,50,0,6,-208,49,149,-187,61,-16,-83,150,187,-12,74,0,-15,0,155,253,-303,295,28,155,3,7,-121,-207,-108,79,-180,-105,-311,313,161,69,-261,291,-158,8,-164,47,363,388,114,427,-230,-207,-169,-129,0,-4,-4,-4,-4,-4,-4,-4,-12,-47,-22,18,32,-31,-4,-24,23,22,5,-25,10,-15,14,-71,13,37,-4,30,71,-28,1,-17,-16,-5,-80
0,-167,-276,75,-110,-3,-9,-172,51,-105,-51,-22,3,-9,140,10,-1,-17,-1,-3,-119,-18,37,1,-24,22,-95,-117,20,-119,203,13,84,0,136,156,-70,-58,-10,83,-28,-46,49,-50,-36,-1,-13,-63,-20,-7,34,-36,18,-46,-8,-81,5,2,-5,148,61,-2,140,-21,0,-34,0,-263,-48,-135,74,33,-11,-81,178,13,-56,36,3,-13,-4,-181,-28,-19,45,0,-194,0,-88,49,14,-3,80,-71,14,21,-65,-1,-18,0,0,0,0,0,0,0,0,14,43,56,0,0,-34,147,114,0,-42,0,0,8,-1,80,0,0,1,-19,-25,10,0,-121,0,0,0,-28,160,-36,193,155,-180,-114,-16,-90,-96,-36,-9,87,-253,-170,-29,104,3,24,-358,-65,-264,439,3,-1,-28,-103,-14,95,-66,46,-19,0,148,179,138,-256,-119,87,262,109,-487,64,227,-386,132,103,167,-45,143,289,250,269,-318,-286,-502,-375,276,479,325,242,583,-80,252,161,0,7,7,7,7,7,7,7,29,-58,-11,16,-39,15,7,-8,-11,28,30,39,-44,-41,-62,-1,-38,29,54,7,27,72,-15,31,14,-43,-117
0,293,105,-15,39,-6,-54,58,-99,-22,-80,-42,1,21,95,-73,-4,-45,1,-10,-44,49,34,-5,-6,0,-1,7,-87,-65,30,0,145,0,51,-63,-275,60,16,59,3,-50,-9,-1,-182,1,40,-128,-94,11,-19,0,8,57,-12,71,-1,0,0,69,-14,122,11,10,0,-140,0,13,-27,333,102,3,202,29,9,0,11,104,0,74,51,0,-26,13,0,0,74,0,16,0,20,0,-7,4,-10,66,-78,0,-18,0,0,0,0,0,0,0,0,-51,12,-23,0,-4,-43,-146,-11,0,-17,0,0,73,-15,-13,0,0,0,12,16,-26,25,60,0,0,0,68,319,43,99,14,75,6,-200,9,-43,-13,0,64,183,-134,-70,-14,8,16,131,15,-295,-220,67,-22,27,20,204,43,-88,13,-30,0,413,-1,13,-32,13,-210,20,171,-68,-184,-9,172,104,-5,-188,-401,-138,251,333,229,253,-391,114,279,62,70,157,-153,360,46,-43,-98,0,5,5,5,5,5,5,5,-22,-7,-32,-3,17,26,5,-50,-49,-22,26,43,52,29,-56,-14,36,4,17,19,5,44,-2,-3,-13,150,-147
0,337,-164,-69,267,165,257,79,382,293,-65,35,18,-176,-166,-214,30,120,0,-1,-36,91,560,79,-1,0,201,34,-59,31,-249,0,-293,0,-428,245,350,-216,206,-114,106,-119,42,29,116,-5,-206,378,-125,37,-79,0,-16,-297,-7,-114,0,0,0,-191,84,-193,3,-47,0,314,0,-65,64,-5,220,12,-20,-59,-132,-21,22,-49,9,59,350,29,4,6,0,24,-34,4,-21,86,-1,3,-43,-89,68,-16,22,0,34,0,0,0,0,0,0,0,0,-301,-1,-37,0,-1,373,-550,-143,0,4,0,0,-124,-115,-230,0,0,0,16,-170,-52,0,400,0,0,0,-226,-223,-357,-177,-115,141,144,471,30,-83,-11,-71,-76,-174,-166,62,151,0,78,-314,-93,219,110,-2,-2,-198,285,-183,-213,161,-62,73,0,347,164,108,-306,-236,-264,-362,169,106,8,202,-250,76,202,279,-293,-355,380,78,-315,30,-204,-277,-206,469,313,362,-111,235,-137,132,-96,0,4,4,4,4,4,4,4,47,45,-13,18,-30,5,4,-34,-16,-13,38,22,-112,-9,21,0,-21,47,22,49,-53,4,15,7,-3,142,14
0,668,-93,-65,-64,44,29,66,-272,-146,116,-3,-127,-128,132,-16,-8,54,6,-36,462,138,-63,135,-40,0,-13,148,13,-152,334,-2,168,0,101,292,38,123,-77,-278,-31,-235,14,-135,-24,115,-9,-85,-124,-5,42,2,0,187,-51,358,0,0,27,-116,-75,-17,25,-117,-40,-147,0,-50,-327,-17,253,40,-131,215,1,-12,13,32,23,-3,-32,193,4,-17,3,-43,-396,-13,-10,5,-25,0,-65,-22,4,-109,50,-8,-21,0,0,0,0,0,0,0,0,-13,-4,-39,0,-7,-53,-12,-174,0,-45,0,0,-29,-27,-46,0,0,0,-109,-157,0,0,-307,0,0,0,-412,-249,-88,-55,-11,-192,-210,-281,175,557,-22,-5,8,111,318,149,156,36,-48,40,30,238,28,14,-2,173,-25,2,-60,-22,-10,11,0,-21,617,471,-311,60,416,239,-160,-135,132,204,171,-37,-44,-527,94,32,-57,-21,36,83,208,352,-329,-75,-300,201,338,276,-273,-390,5,0,7,7,7,7,7,7,7,-96,-14,58,15,17,-21,7,-33,17,22,-1,6,30,16,69,65,-38,-5,-43,7,34,-2,7,-45,-2,122,-73
0,-15,3,34,41,0,-3,-12,-2,0,-2,0,0,0,-10,0,0,-3,0,0,-11,0,-1,-5,0,0,0,-3,0,0,-4,-3,-2,0,63,-7,-2,-22,0,0,0,0,-3,0,0,0,0,-2,0,0,-2,0,0,0,0,9,0,0,0,0,0,0,0,-3,1,0,0,-26,-37,-12,-21,0,-9,-28,-2,0,0,0,0,0,-2,-11,0,0,0,0,-4,0,-6,-5,0,0,0,-3,0,0,-4,-3,0,0,0,0,0,0,0,0,0,0,0,0,0,0,0,1,-12,0,0,0,0,20,20,0,0,0,0,0,0,0,0,0,0,0,0,7,-55,-18,1,-4,-11,-9,-3,-3,0,0,0,0,14,-35,-1,-16,0,0,120,40,53,-21,0,0,0,-28,-6,0,-1,-6,0,0,51,129,18,24,12,31,62,157,176,-18,0,0,0,9,-82,-139,-9,40,170,-55,-20,-15,-33,190,-160,0,-106,-24,0,-18,21,-18,0,1,1,1,1,1,1,1,15,17,-2,0,0,0,1,-14,-14,-3,4,17,7,4,4,-8,19,-16,0,-14,-3,0,-3,1,-2,-55,-4
0,-399,257,0,-15,-26,158,-11,-58,-1,-74,0,0,-15,-169,10,0,-54,-12,-2,-66,-3,-49,-1,0,0,-6,-41,-14,-2,-214,-14,0,0,218,28,0,-17,0,116,268,-1,-21,-39,-7,0,3,-2,77,0,-77,46,-1,-32,0,-27,0,0,-1,-19,-200,0,-25,-6,0,1,0,-8,-54,-13,-26,-5,-57,12,-6,-1,-172,0,0,0,-70,0,-2,-35,0,0,0,0,-3,-1,-13,0,-1,-13,0,-1,-213,0,1,0,0,0,0,0,0,0,0,-91,0,61,0,0,-1,-43,-39,5,89,0,0,-12,0,-2,0,0,-1,24,376,-45,23,238,0,0,0,145,99,151,-63,130,256,-74,-171,-12,-28,-2,-1,3,-148,-70,-12,-41,1,-2,-104,75,7,-23,-4,-9,-17,11,-43,-4,34,-22,-182,0,120,-252,-107,36,-91,-465,-81,-203,-95,32,-311,-309,-170,442,282,259,-12,5,376,-176,388,198,137,-23,341,-171,37,262,-151,631,96,203,0,1,1,1,1,1,1,1,-53,-13,-22,-36,-31,-18,1,26,25,-13,4,27,-39,46,11,14,-4,33,-19,17,16,-16,47,6,1,178,-4
