0,1,0,0,0,0,0,0,0,0,0,0,0,0,0,0,0,0,0,0,0,0,0,0,0,0,0,0,0,0,0,0,0,0,2,0,0,1,0,0,1,0,0,0,0,0,0,0,0,0,0,0,0,0,0,0,0,0,0,0,0,0,0,0,0,0,0,4,0,0,2,0,0,0,0,0,0,0,0,0,0,0,0,0,0,0,0,0,0,0,0,0,0,1,0,0,1,0,0,0,0,0,0,0,0,0,0,0,0,0,0,0,0,0,0,0,0,1,0,0,0,0,0,0,0,0,0,0,0,0,0,0,0,7,1,0,3,0,0,1,0,0,0,1,0,0,0,0,0,0,0,0,0,0,0,0,0,0,0,1,0,0,0,0,0,0,46,29,20,8,8,8,8,0,0,10,9,10,0,0,0,0,0,9,0,10,10,0,0,0,0,0,8,10,0,9,10,0,0,1,1,1,1,1,1,1,0,0,1,1,1,0,0,0,0,0,1,0,1,1,0,0,0,0,0,1,1,0,1,1,0,5,1/0
0,3,0,0,3,0,0,3,0,0,0,0,0,0,0,0,0,0,0,0,0,0,0,0,0,0,0,1,0,0,3,0,0,0,4,0,0,0,0,0,0,0,0,0,0,0,0,0,0,0,0,0,0,0,0,0,0,0,0,0,0,0,0,0,0,0,0,0,0,0,0,0,0,0,0,0,0,0,0,0,0,0,0,0,0,0,0,0,0,0,0,0,0,0,0,0,0,0,0,0,0,0,0,0,0,0,0,0,0,0,0,0,0,0,0,0,0,1,0,0,0,0,0,0,0,0,0,0,0,0,0,0,0,6,1,0,3,0,0,2,0,0,1,1,0,0,0,0,0,0,0,0,1,0,0,0,0,0,0,1,0,0,1,0,0,0,46,29,20,8,8,8,5,0,0,9,9,10,0,0,0,0,0,9,0,9,10,0,0,0,0,0,8,10,0,6,10,0,0,1,1,1,1,1,1,1,0,0,1,1,1,0,0,0,0,0,1,0,1,1,0,0,0,0,0,1,1,0,1,1,0,8,1/0
0,5,2,2,3,0,0,5,0,0,0,1,0,0,0,0,0,0,0,0,0,0,0,0,0,0,0,1,1,0,1,0,0,0,2,1,0,0,0,0,1,0,0,0,0,0,0,0,0,0,0,0,0,0,0,0,0,0,0,0,0,0,0,0,0,0,0,0,0,0,0,0,0,0,0,0,0,0,0,0,0,0,0,0,0,0,0,0,0,0,0,0,0,0,0,0,0,0,0,0,0,0,0,0,0,0,0,0,0,0,0,0,0,0,0,0,0,1,0,0,0,0,0,0,0,0,0,0,0,2,0,0,0,3,2,2,3,0,2,4,0,0,2,1,0,0,0,0,0,0,0,0,2,1,0,0,0,0,0,1,0,0,3,0,0,0,46,25,16,8,8,6,0,0,0,8,8,10,0,0,0,0,0,9,0,8,9,0,0,0,0,0,8,9,0,4,10,0,0,1,1,1,1,1,1,1,0,0,1,1,1,0,0,0,0,0,1,0,1,1,0,0,0,0,0,1,1,0,1,1,0,19,1/1
0,4,3,1,2,0,0,4,0,0,0,0,0,0,0,0,0,0,0,0,0,0,0,0,0,0,0,1,1,0,3,0,0,0,2,0,1,0,0,0,1,0,0,0,0,0,0,0,0,0,0,0,0,0,0,0,0,0,0,0,0,0,0,0,0,0,0,0,0,2,1,0,0,1,0,0,0,1,0,0,0,0,0,0,0,0,0,0,0,0,0,0,0,0,0,0,0,0,0,0,0,0,0,0,0,0,0,0,0,0,0,0,0,0,0,0,0,1,0,0,0,0,0,0,0,0,0,0,0,0,0,0,0,3,3,2,3,0,2,4,0,0,3,1,0,0,0,0,0,0,0,0,2,1,0,0,0,0,0,1,0,0,3,0,0,0,46,24,14,8,8,6,0,0,0,7,8,10,0,0,0,0,0,9,0,8,9,0,0,0,0,0,8,9,0,4,10,0,0,1,1,1,1,1,1,1,0,0,1,1,1,0,0,0,0,0,1,0,1,1,0,0,0,0,0,1,1,0,1,1,0,21,1/1
0,5,3,5,1,0,0,4,0,0,0,1,0,0,0,0,0,0,0,0,0,0,0,0,0,0,0,1,0,0,3,0,0,0,1,0,0,2,0,0,1,0,0,0,0,0,0,0,0,0,0,0,0,0,0,0,0,0,0,0,0,0,0,0,0,0,0,0,0,0,0,0,0,1,0,0,0,0,0,0,0,0,0,0,0,0,0,0,0,0,0,0,0,0,0,0,0,0,0,0,0,0,0,0,0,0,0,0,0,0,0,0,0,0,0,0,0,1,0,0,0,0,0,0,0,0,0,1,0,0,0,0,0,3,3,2,3,0,3,4,0,0,3,1,0,0,0,0,0,0,0,0,2,1,0,0,0,0,0,1,0,0,3,0,0,0,46,24,13,8,8,5,0,0,0,7,8,10,0,0,0,0,0,9,0,8,9,0,0,0,0,0,8,9,0,4,10,0,0,1,1,1,1,1,1,1,0,0,1,1,1,0,0,0,0,0,1,0,1,1,0,0,0,0,0,1,1,0,1,1,0,22,1/0
0,4,3,4,2,0,1,3,0,0,0,1,0,0,0,0,0,0,0,0,0,0,0,0,0,0,0,0,1,0,4,0,0,0,0,0,1,0,0,0,2,0,0,0,0,0,0,0,0,0,0,0,0,0,0,0,0,0,0,0,1,0,0,0,0,0,0,1,0,2,1,1,0,1,0,0,0,0,0,0,0,0,0,0,0,0,0,0,0,0,0,0,0,0,0,0,0,0,0,0,0,0,0,0,0,0,0,0,0,0,0,0,0,0,0,0,0,1,0,0,0,0,0,0,0,0,0,0,0,0,0,0,0,3,4,3,3,0,4,4,0,0,3,1,0,0,0,0,0,0,0,0,2,1,0,0,0,0,0,1,0,0,3,0,0,0,46,23,10,8,7,3,0,0,0,7,8,10,0,0,0,0,0,9,0,8,9,0,0,0,0,0,8,9,0,3,10,0,0,1,1,1,1,1,1,1,0,0,1,1,1,0,0,0,0,0,1,0,1,1,0,0,0,0,0,1,1,0,1,1,0,27,1/0
0,0,0,2,1,1,0,0,0,0,0,0,0,0,0,0,0,0,0,0,0,0,0,0,0,0,0,0,0,0,0,0,0,0,2,0,0,0,1,0,1,0,0,0,0,0,0,0,0,0,0,0,0,0,0,0,0,0,0,0,0,0,0,0,0,0,0,2,4,5,3,4,2,5,0,0,0,1,0,0,0,0,0,0,0,0,0,0,0,0,0,0,0,1,1,0,3,0,0,0,0,0,0,0,0,0,0,0,0,0,0,0,0,0,0,0,0,1,0,0,0,0,0,0,0,0,0,0,0,1,0,0,0,1,6,4,6,2,5,4,0,0,3,1,0,0,0,0,0,0,0,0,3,1,0,0,0,0,0,1,0,0,3,0,0,0,46,20,9,4,0,1,0,0,0,7,8,10,0,0,0,0,0,9,0,7,9,0,0,0,0,0,8,9,0,3,10,0,0,1,1,1,1,1,1,1,0,0,1,1,1,0,0,0,0,0,1,0,1,1,0,0,0,0,0,1,1,0,1,1,0,35,1/1
0,3,0,0,0,0,0,0,0,0,1,0,0,0,0,0,0,0,0,0,1,0,0,0,0,0,0,0,0,0,0,0,0,0,1,0,0,0,0,0,0,0,0,0,0,0,0,0,0,0,0,0,0,0,0,0,0,0,0,0,0,0,0,0,0,0,0,2,1,0,3,0,0,0,0,0,1,0,0,0,0,0,0,0,0,0,0,0,0,0,0,0,0,0,0,0,0,0,0,0,0,0,0,0,0,0,0,0,1,0,0,0,0,0,0,0,0,1,0,1,0,0,0,0,0,0,0,0,0,0,0,0,0,7,2,0,3,0,0,0,0,0,1,0,0,0,0,0,0,0,0,0,3,0,0,0,0,0,0,0,0,0,0,0,0,0,46,26,20,7,8,8,10,10,9,7,0,10,0,0,10,10,0,9,10,5,10,0,0,0,0,0,0,0,0,0,0,0,0,1,1,1,1,1,1,1,1,1,1,0,1,0,0,1,1,0,1,1,1,1,0,0,0,0,0,0,0,0,0,0,0,8,0/1
0,2,1,0,1,0,0,0,0,0,0,0,0,0,0,0,0,0,0,0,0,0,0,0,0,0,0,0,0,0,0,0,0,0,2,0,0,0,0,0,0,0,0,0,0,0,0,0,0,0,0,0,0,0,0,0,0,0,0,0,0,0,0,0,0,0,0,2,0,0,1,0,0,0,0,2,3,0,0,0,0,0,0,0,0,0,1,0,0,0,0,0,0,0,0,0,0,0,0,0,0,0,0,0,0,0,0,0,0,0,0,0,0,0,0,0,0,1,0,2,0,0,0,0,0,0,0,0,0,0,0,0,0,7,3,0,4,0,0,0,0,1,1,0,0,0,0,0,0,0,0,0,4,0,0,0,0,0,0,0,0,0,0,0,0,0,46,25,20,6,8,8,10,10,7,6,0,10,0,0,10,10,0,9,10,3,10,0,0,0,0,0,0,0,0,0,0,0,0,1,1,1,1,1,1,1,1,1,1,0,1,0,0,1,1,0,1,1,1,1,0,0,0,0,0,0,0,0,0,0,0,10,0/1
0,4,0,0,3,0,0,0,0,0,0,0,0,0,0,0,0,0,0,0,0,0,0,0,0,0,0,0,0,0,0,0,0,0,3,0,0,0,0,0,0,0,0,0,0,0,0,0,0,0,0,0,0,0,0,0,0,0,0,0,0,0,0,0,0,1,0,0,0,0,0,0,0,0,0,0,0,0,0,0,0,0,0,0,0,0,0,0,0,0,0,0,0,0,0,0,0,0,0,0,0,0,0,0,0,0,0,0,0,0,0,0,0,0,0,0,0,1,0,0,0,0,0,0,0,0,0,0,0,0,0,0,0,7,1,0,3,0,0,0,0,0,0,0,0,0,0,0,0,0,0,0,0,0,0,0,0,0,0,0,0,0,0,0,1,0,46,29,20,8,8,8,10,0,0,0,0,0,0,0,0,10,10,9,0,10,10,0,0,0,10,10,0,10,0,0,10,8,0,1,1,1,1,1,1,1,0,0,0,0,0,0,0,0,1,1,1,0,1,1,0,0,0,1,1,0,1,0,0,1,1,3,1/1
0,5,0,0,2,0,0,0,0,0,0,0,0,0,0,0,0,0,0,0,0,0,0,0,0,0,0,0,0,0,0,0,1,0,2,0,0,1,0,0,0,0,0,0,0,0,0,0,0,0,0,0,0,0,0,0,0,0,0,0,0,0,0,0,0,0,0,0,0,0,0,0,0,0,0,0,0,0,0,0,0,0,0,0,0,0,0,0,0,0,0,0,0,0,0,0,0,0,0,0,0,0,0,0,0,0,0,0,0,0,0,0,0,0,0,0,0,1,0,1,0,0,0,0,0,0,0,0,0,0,0,0,0,3,1,0,3,0,0,0,0,0,0,0,0,0,0,0,0,0,0,0,0,0,0,0,0,0,0,0,0,0,0,0,1,0,46,29,20,8,8,8,10,0,0,0,0,0,0,0,0,10,10,9,0,9,10,0,0,0,10,10,0,10,0,0,10,8,0,1,1,1,1,1,1,1,0,0,0,0,0,0,0,0,1,1,1,0,1,1,0,0,0,1,1,0,1,0,0,1,1,4,1/1
0,3,0,0,0,0,0,0,0,0,0,0,0,0,0,0,0,0,0,0,1,0,0,0,0,0,0,0,0,0,0,0,0,0,3,0,0,0,0,0,0,0,0,0,0,0,0,0,0,0,0,0,0,0,1,0,0,0,0,0,0,0,0,0,0,0,0,0,0,0,0,0,0,0,0,0,0,0,0,0,0,0,0,0,0,0,0,0,0,0,0,0,0,0,0,0,0,0,1,0,0,0,0,0,0,0,0,0,0,0,0,0,0,0,0,0,0,1,0,0,0,0,0,0,0,0,0,0,0,0,0,0,0,3,2,0,3,0,0,0,0,0,0,0,0,0,0,0,0,0,0,0,1,0,0,0,0,0,0,0,0,0,0,0,1,0,46,28,20,8,8,8,10,0,0,0,0,0,0,0,0,10,10,9,0,8,9,0,0,0,10,10,0,10,0,0,10,8,0,1,1,1,1,1,1,1,0,0,0,0,0,0,0,0,1,1,1,0,1,1,0,0,0,1,1,0,1,0,0,1,1,6,1/1
0,2,0,0,0,0,0,0,0,0,0,0,0,0,0,0,0,0,0,0,0,0,0,0,0,0,0,0,0,0,0,0,0,0,4,0,0,0,0,0,0,0,0,0,0,0,0,0,0,0,0,0,0,0,0,0,0,0,0,0,0,0,0,0,0,1,0,0,0,0,0,0,0,0,0,0,0,0,0,0,0,0,0,0,0,0,0,0,0,0,0,0,0,0,0,0,0,0,0,0,0,0,0,0,0,0,0,0,0,0,0,0,0,0,0,0,0,1,0,3,1,0,0,0,0,0,0,0,0,0,0,0,0,2,2,0,1,0,0,0,0,0,0,0,0,0,0,0,0,0,0,0,2,0,0,0,0,0,1,0,0,0,0,0,1,0,46,28,20,8,8,8,10,0,0,0,0,0,0,0,0,10,10,9,0,5,9,0,0,0,10,9,0,10,0,0,10,8,0,1,1,1,1,1,1,1,0,0,0,0,0,0,0,0,1,1,1,0,1,1,0,0,0,1,1,0,1,0,0,1,1,8,1/1
0,0,0,0,0,0,0,0,0,0,0,0,0,0,0,0,0,0,0,0,0,0,0,0,0,0,0,0,0,0,0,0,0,0,2,0,0,0,0,0,0,0,0,0,0,0,0,0,0,0,0,0,0,0,0,0,0,0,0,0,0,0,0,0,0,0,0,0,0,0,0,0,0,0,0,0,0,0,0,0,0,0,0,0,0,0,0,0,0,0,0,0,0,0,0,0,0,0,0,0,0,0,0,0,0,0,0,0,0,0,0,0,0,0,0,0,0,1,0,4,2,0,0,0,0,0,0,0,0,0,0,1,0,1,3,0,0,0,0,0,0,0,0,0,0,0,0,0,0,0,0,0,2,0,0,0,0,0,1,0,0,0,0,0,1,0,46,27,20,8,8,8,10,0,0,0,0,0,0,0,0,10,10,9,0,4,8,0,0,0,10,9,0,10,0,0,10,8,0,1,1,1,1,1,1,1,0,0,0,0,0,0,0,0,1,1,1,0,1,1,0,0,0,1,1,0,1,0,0,1,1,9,1/0
0,2,0,0,0,0,0,0,0,0,0,0,0,0,0,0,0,0,0,0,4,1,0,0,0,0,0,0,0,0,0,0,1,0,0,0,0,0,0,0,0,0,0,0,0,0,0,0,0,0,0,0,0,0,1,0,0,0,0,1,0,0,0,0,0,0,0,0,0,0,0,0,0,0,0,0,0,0,0,0,0,0,0,0,0,0,0,0,0,0,0,0,0,0,0,0,0,0,0,0,0,0,0,0,0,0,0,0,0,0,0,0,0,0,0,0,0,1,0,2,0,0,0,0,0,0,0,0,0,0,0,0,0,0,4,0,0,0,0,0,0,0,0,0,0,0,0,0,0,0,0,0,3,0,0,0,0,0,1,0,0,0,0,0,1,0,46,26,20,8,8,8,10,0,0,0,0,0,0,0,0,10,10,9,0,1,8,0,0,0,10,8,0,10,0,0,10,8,0,1,1,1,1,1,1,1,0,0,0,0,0,0,0,0,1,1,1,0,1,1,0,0,0,1,1,0,1,0,0,1,1,10,1/0
0,0,0,0,0,0,0,0,0,0,0,0,0,0,0,0,0,0,0,0,0,0,0,0,0,0,0,0,0,0,0,0,0,0,0,0,2,0,0,0,0,0,0,0,0,0,0,0,0,0,0,0,0,0,1,0,0,0,0,0,0,0,0,0,0,0,0,0,0,0,0,0,0,0,0,0,0,0,0,0,0,0,0,0,0,0,0,0,0,0,0,0,0,0,0,0,0,0,1,0,0,0,0,0,0,0,0,0,0,0,0,0,0,0,0,1,0,1,0,7,1,0,0,0,0,1,0,0,0,0,0,0,0,0,3,1,0,0,1,0,0,0,0,0,0,0,0,0,1,0,0,0,3,2,0,0,0,0,1,0,0,0,0,0,1,0,46,25,17,8,8,7,10,0,0,0,0,0,0,0,0,8,10,9,0,0,5,0,0,0,10,8,0,10,0,0,10,8,0,1,1,1,1,1,1,1,0,0,0,0,0,0,0,0,1,1,1,0,1,1,0,0,0,1,1,0,1,0,0,1,1,12,1/0
0,0,0,1,0,0,1,0,0,0,0,0,0,0,0,0,0,0,0,0,1,0,0,0,0,0,2,0,0,0,0,0,0,0,0,1,1,0,2,1,0,0,0,0,0,0,0,0,0,0,0,0,0,0,0,0,0,0,0,0,0,0,0,0,0,0,0,0,0,0,0,0,0,0,0,0,0,0,0,0,0,0,0,0,0,0,0,0,0,0,0,0,0,0,0,0,0,0,0,0,0,0,0,0,0,0,0,0,0,0,0,0,0,0,0,1,0,1,0,6,3,0,0,0,0,0,0,0,0,0,0,1,0,0,2,2,0,1,3,0,0,0,0,0,0,0,0,0,1,0,0,0,3,2,0,0,0,0,1,0,0,0,0,0,1,0,45,24,16,8,5,3,10,0,0,0,0,0,0,0,0,8,10,9,0,0,4,0,0,0,10,7,0,10,0,0,10,8,0,1,1,1,1,1,1,1,0,0,0,0,0,0,0,0,1,1,1,0,1,1,0,0,0,1,1,0,1,0,0,1,1,14,1/1
0,4,0,0,2,0,0,0,0,0,0,0,0,0,2,0,0,0,0,0,0,0,1,0,0,0,0,0,0,0,0,0,0,0,3,0,0,1,0,0,0,0,0,0,0,0,0,0,0,0,0,0,0,0,0,0,0,0,0,0,0,0,0,0,0,0,0,0,0,0,0,0,0,0,0,0,0,0,0,0,0,0,0,0,0,0,0,0,0,0,0,0,0,0,0,0,0,0,0,0,0,0,0,0,0,0,0,0,0,0,0,0,0,0,0,0,0,1,0,0,0,0,0,0,0,0,0,0,0,0,0,0,0,7,2,0,3,0,0,0,0,0,0,0,0,0,0,0,0,0,0,1,0,0,0,0,0,0,0,1,0,0,0,0,0,0,46,28,20,8,8,8,10,10,0,0,0,0,0,8,10,0,0,9,8,10,10,9,0,10,0,0,9,0,0,0,0,0,0,1,1,1,1,1,1,1,1,0,0,0,0,0,1,1,0,0,1,1,1,1,1,0,1,0,0,1,0,0,0,0,0,5,1/1
0,5,0,0,1,0,0,0,0,0,0,0,0,0,2,0,0,0,0,0,0,0,1,0,0,0,0,1,0,0,0,0,0,0,2,0,0,2,0,0,0,0,0,0,0,0,0,0,0,0,0,0,0,0,0,0,0,0,0,0,0,0,0,0,0,0,0,0,0,0,0,0,0,1,0,0,0,0,0,0,0,0,0,0,0,0,0,0,0,0,0,0,0,0,0,0,0,0,0,0,0,0,0,0,0,0,0,0,0,0,0,0,0,0,0,0,0,1,0,0,0,0,0,0,0,0,0,0,0,0,0,0,0,7,2,0,3,0,0,0,0,0,0,0,0,0,0,1,0,0,0,1,0,0,0,0,0,0,0,1,0,0,0,0,0,0,46,28,20,8,8,8,9,10,0,0,0,0,0,8,9,0,0,9,8,10,10,9,0,10,0,0,8,0,0,0,0,0,0,1,1,1,1,1,1,1,1,0,0,0,0,0,1,1,0,0,1,1,1,1,1,0,1,0,0,1,0,0,0,0,0,6,1/0
0,1,0,0,0,0,0,0,0,0,0,0,0,0,1,0,0,0,0,0,0,0,0,0,0,0,0,0,0,0,0,0,0,0,2,0,0,1,0,0,1,0,0,0,0,0,0,0,0,0,0,0,0,0,0,1,0,0,0,0,0,0,0,0,0,0,0,4,0,0,2,0,0,1,0,0,0,0,0,0,0,0,0,0,0,0,0,0,0,0,0,0,0,0,0,0,0,0,0,0,0,0,0,0,0,0,0,0,0,0,0,0,0,2,2,0,0,1,0,0,0,2,0,0,0,0,1,0,0,0,0,0,0,7,3,1,3,0,0,4,0,0,0,0,0,0,2,1,0,0,0,0,1,0,1,0,0,0,0,1,0,0,0,0,0,0,46,27,19,8,8,8,4,10,0,0,0,0,0,5,7,0,0,9,7,9,10,6,0,10,0,0,8,0,0,0,0,0,0,1,1,1,1,1,1,1,1,0,0,0,0,0,1,1,0,0,1,1,1,1,1,0,1,0,0,1,0,0,0,0,0,11,1/1
0,0,0,0,0,0,0,0,0,0,0,0,0,0,0,0,0,0,0,0,0,0,0,0,0,0,0,0,0,0,0,0,0,0,2,0,0,1,0,0,1,0,0,0,0,0,0,0,0,0,0,0,0,0,0,1,0,0,0,0,0,0,0,0,0,0,0,5,0,0,2,0,0,1,0,0,0,0,0,0,1,0,0,0,0,0,0,0,0,0,0,0,0,0,0,0,0,0,0,0,0,0,0,0,0,0,0,0,0,0,0,0,0,2,2,0,0,1,0,0,0,2,0,0,0,0,1,0,0,0,0,0,0,7,3,1,3,0,0,4,0,0,0,0,0,0,2,1,0,0,0,0,1,0,1,0,0,0,0,1,0,0,0,0,0,0,46,27,19,8,8,8,4,10,0,0,0,0,0,5,7,0,0,9,7,9,10,6,0,10,0,0,8,0,0,0,0,0,0,1,1,1,1,1,1,1,1,0,0,0,0,0,1,1,0,0,1,1,1,1,1,0,1,0,0,1,0,0,0,0,0,11,1/0
0,1,0,0,3,0,0,1,0,0,0,0,0,0,0,0,0,0,0,0,0,0,0,0,0,0,0,0,0,0,0,0,0,0,6,0,0,0,0,0,1,0,0,0,0,0,0,0,0,0,0,0,0,0,0,1,0,0,0,0,0,0,0,0,0,0,0,0,0,0,0,0,0,0,0,0,0,0,0,0,0,0,0,0,0,0,0,0,0,0,0,0,0,0,0,0,0,0,0,0,0,0,0,0,0,0,0,1,0,0,0,0,0,3,2,0,0,1,0,0,0,2,0,0,0,0,1,0,0,0,0,0,0,7,3,1,3,0,1,6,0,0,0,0,0,0,2,1,0,0,0,0,1,0,1,0,0,0,0,1,0,0,0,0,0,0,46,27,19,8,8,7,2,9,0,0,0,0,0,5,7,0,0,9,7,9,10,6,0,10,0,0,8,0,0,0,0,0,0,1,1,1,1,1,1,1,1,0,0,0,0,0,1,1,0,0,1,1,1,1,1,0,1,0,0,1,0,0,0,0,0,12,1/1
0,0,0,0,0,0,0,1,0,0,0,0,0,0,0,0,0,0,0,0,0,0,0,0,0,0,0,0,0,0,0,0,0,0,1,0,0,1,0,0,0,0,0,0,0,0,0,0,0,0,0,0,0,0,0,0,0,0,0,0,0,0,0,0,0,0,0,6,0,1,2,0,0,1,2,0,0,0,0,0,4,2,0,0,0,0,0,0,2,0,0,0,0,1,0,0,0,0,0,0,0,0,0,0,0,0,0,0,0,0,0,0,0,0,0,0,0,1,0,0,0,2,0,0,0,0,0,0,0,0,0,0,0,7,4,1,3,0,2,8,0,0,0,0,0,0,2,1,0,0,0,0,1,0,2,0,0,0,0,1,0,0,0,0,0,0,46,26,18,8,8,6,0,8,0,0,0,0,0,4,7,0,0,9,7,9,10,4,0,10,0,0,8,0,0,0,0,0,0,1,1,1,1,1,1,1,1,0,0,0,0,0,1,1,0,0,1,1,1,1,1,0,1,0,0,1,0,0,0,0,0,15,1/1
0,3,0,1,2,0,0,0,1,0,0,0,0,0,2,2,0,0,0,0,0,0,1,0,0,0,0,1,0,0,0,0,0,0,1,0,0,1,0,0,0,0,0,0,0,0,0,0,0,0,0,0,0,0,0,0,0,0,0,0,0,0,0,0,0,0,0,3,1,0,0,0,0,2,0,0,0,0,0,0,1,0,0,0,0,0,0,0,2,0,0,0,0,0,0,0,0,0,0,0,0,0,0,0,0,0,0,1,0,0,0,0,0,1,0,0,0,1,0,0,0,1,0,0,0,0,0,0,0,0,0,0,0,7,4,1,3,0,2,8,0,0,0,0,0,0,2,1,0,0,0,0,1,0,3,0,0,0,0,1,0,0,0,0,0,0,46,25,18,8,8,6,0,8,0,0,0,0,0,4,7,0,0,9,7,9,10,3,0,10,0,0,8,0,0,0,0,0,0,1,1,1,1,1,1,1,1,0,0,0,0,0,1,1,0,0,1,1,1,1,1,0,1,0,0,1,0,0,0,0,0,17,1/1
0,5,1,1,3,0,0,2,1,0,0,0,0,0,3,4,0,0,0,0,0,0,3,0,0,0,0,1,0,0,0,0,0,0,2,0,0,0,0,0,0,0,0,0,0,0,0,0,0,0,0,0,0,0,0,0,0,0,0,0,0,0,0,0,0,0,0,0,0,0,0,0,0,0,0,0,0,0,0,0,0,0,0,0,0,0,0,0,0,0,0,0,0,0,0,0,0,0,0,0,0,0,0,0,0,0,0,1,0,0,0,0,0,2,0,0,0,1,0,0,0,1,0,0,0,0,0,0,0,0,0,0,0,7,5,2,3,0,2,8,0,0,0,0,0,0,2,2,0,0,0,0,1,0,3,0,0,0,0,1,0,0,0,0,0,0,46,24,17,8,8,6,0,8,0,0,0,0,0,3,4,0,0,9,7,9,10,3,0,10,0,0,8,0,0,0,0,0,0,1,1,1,1,1,1,1,1,0,0,0,0,0,1,1,0,0,1,1,1,1,1,0,1,0,0,1,0,0,0,0,0,20,1/1
0,4,1,1,1,0,0,1,1,0,0,0,0,0,4,3,0,0,0,0,0,0,4,0,0,0,0,1,0,0,0,0,0,0,3,0,0,2,0,0,1,0,0,0,0,0,0,0,0,0,0,0,0,0,0,0,0,0,0,0,0,0,0,0,0,0,0,0,0,0,0,0,0,0,0,0,0,0,0,0,0,0,0,0,0,0,0,0,0,0,0,0,0,0,0,0,0,0,0,0,0,0,0,0,0,0,0,1,0,0,0,0,0,1,2,0,0,1,0,0,0,0,0,0,0,0,0,0,0,0,0,0,0,7,5,2,3,0,2,8,0,0,0,0,0,0,3,2,0,0,0,0,1,0,3,0,0,0,0,1,0,0,0,0,0,0,46,24,17,8,8,6,0,8,0,0,0,0,0,2,3,0,0,9,7,9,10,3,0,10,0,0,8,0,0,0,0,0,0,1,1,1,1,1,1,1,1,0,0,0,0,0,1,1,0,0,1,1,1,1,1,0,1,0,0,1,0,0,0,0,0,21,1/1
0,3,1,1,3,0,0,1,2,0,0,0,0,0,3,3,0,0,0,0,0,0,4,0,0,0,0,1,0,0,0,0,0,0,4,0,0,0,0,0,1,0,0,0,0,0,0,0,0,0,0,0,0,0,0,0,0,0,0,0,0,0,0,0,0,0,0,0,0,0,0,0,0,0,0,0,0,0,0,0,0,0,0,0,0,0,0,0,0,0,0,0,0,0,0,0,0,0,0,0,0,0,0,0,0,0,0,1,0,0,0,0,0,2,2,0,0,1,0,0,0,0,0,0,0,0,0,0,0,0,0,0,0,7,5,2,3,0,2,8,0,0,0,0,0,0,4,2,0,0,0,0,1,0,3,0,0,0,0,1,0,0,0,0,0,0,46,24,17,8,8,6,0,7,0,0,0,0,0,1,3,0,0,9,7,9,10,3,0,10,0,0,8,0,0,0,0,0,0,1,1,1,1,1,1,1,1,0,0,0,0,0,1,1,0,0,1,1,1,1,1,0,1,0,0,1,0,0,0,0,0,22,1/0
0,3,1,1,3,0,0,1,2,0,0,0,0,0,3,3,0,0,0,0,0,0,4,0,0,0,0,1,0,0,0,0,0,0,4,0,0,0,0,0,1,0,0,0,0,0,0,0,0,0,0,0,0,0,0,0,0,0,0,0,0,0,0,0,0,0,0,0,0,0,0,0,0,0,0,0,0,0,0,0,0,0,0,0,0,0,0,0,0,0,0,0,0,0,0,0,0,0,0,0,0,0,0,0,0,0,0,1,0,0,0,0,0,2,2,0,0,1,0,0,0,0,0,0,0,0,0,0,0,0,0,0,0,7,5,2,3,0,2,8,0,0,0,0,0,0,4,2,0,0,0,0,1,0,3,0,0,0,0,1,0,0,0,0,0,0,46,24,17,8,8,6,0,7,0,0,0,0,0,1,3,0,0,9,7,9,10,3,0,10,0,0,8,0,0,0,0,0,0,1,1,1,1,1,1,1,1,0,0,0,0,0,1,1,0,0,1,1,1,1,1,0,1,0,0,1,0,0,0,0,0,22,1/0
0,2,0,0,1,0,1,0,1,0,0,0,0,0,4,2,0,0,0,0,0,0,3,0,0,0,0,0,0,0,0,0,0,0,1,0,0,1,0,0,0,0,0,0,0,0,0,0,0,0,0,0,0,0,0,0,0,0,0,0,0,0,0,0,0,0,0,4,1,1,2,0,1,2,2,0,0,0,0,0,0,3,0,0,0,0,0,0,0,0,0,0,0,1,0,0,0,0,0,0,0,0,0,0,0,0,0,0,0,0,0,0,0,1,0,0,0,1,0,0,0,1,0,0,0,0,0,0,0,0,0,0,0,7,5,2,3,2,2,8,0,0,0,0,0,0,4,2,0,0,0,0,1,0,4,0,0,0,0,1,0,0,0,0,0,0,46,24,17,7,6,4,0,7,0,0,0,0,0,1,3,0,0,9,7,9,10,2,0,10,0,0,8,0,0,0,0,0,0,1,1,1,1,1,1,1,1,0,0,0,0,0,1,1,0,0,1,1,1,1,1,0,1,0,0,1,0,0,0,0,0,25,1/1
0,0,0,0,0,0,0,0,0,0,0,0,0,0,0,0,0,0,0,0,0,0,0,0,0,0,0,0,0,0,0,0,0,0,1,0,0,1,0,0,0,0,0,0,0,0,0,0,0,0,0,0,0,0,0,0,0,0,0,0,0,0,0,0,0,0,0,6,1,1,3,0,2,2,3,0,0,0,0,0,4,5,0,0,0,0,0,0,3,0,0,0,0,1,0,0,0,0,0,0,0,0,0,0,0,0,0,0,0,0,0,0,0,1,0,0,0,1,0,0,0,1,0,0,0,0,0,0,0,0,0,0,0,7,5,2,3,2,2,8,0,0,0,0,0,0,4,2,0,0,0,0,1,0,4,0,0,0,0,1,0,0,0,0,0,0,46,24,17,7,6,4,0,7,0,0,0,0,0,1,3,0,0,9,7,9,10,2,0,10,0,0,8,0,0,0,0,0,0,1,1,1,1,1,1,1,1,0,0,0,0,0,1,1,0,0,1,1,1,1,1,0,1,0,0,1,0,0,0,0,0,25,1/0
0,0,0,0,0,0,0,0,1,0,0,0,0,0,0,0,0,0,0,0,0,0,0,0,0,0,0,0,0,0,0,0,0,0,5,1,1,1,0,1,0,0,0,0,0,0,0,0,0,0,0,0,0,0,0,0,0,0,0,0,0,0,0,0,0,0,0,2,0,0,3,0,1,2,0,0,0,0,0,0,0,0,0,0,0,0,0,0,1,0,0,0,0,0,0,0,0,0,0,0,0,0,0,0,0,0,0,2,0,0,0,0,0,5,6,0,0,1,0,0,0,3,0,0,0,0,1,0,0,0,0,0,0,7,5,2,3,2,3,8,0,0,0,0,0,0,4,2,0,0,0,0,1,0,4,0,0,0,0,1,0,0,0,0,0,0,46,24,17,7,6,3,0,7,0,0,0,0,0,1,2,0,0,9,7,9,10,2,0,10,0,0,8,0,0,0,0,0,0,1,1,1,1,1,1,1,1,0,0,0,0,0,1,1,0,0,1,1,1,1,1,0,1,0,0,1,0,0,0,0,0,26,1/1
0,0,0,0,0,0,0,0,0,0,0,0,0,0,0,0,0,0,0,0,0,0,0,0,0,0,0,0,0,0,0,0,0,0,5,1,1,1,0,1,0,0,0,0,0,0,0,0,0,0,0,0,0,0,0,0,0,0,0,0,0,0,0,0,0,0,0,2,0,0,3,0,1,2,1,0,0,0,0,0,0,0,0,0,0,0,0,0,1,0,0,0,0,0,0,0,0,0,0,0,0,0,0,0,0,0,0,2,0,0,0,0,0,5,6,0,0,1,0,0,0,3,0,0,0,0,1,0,0,0,0,0,0,7,5,2,3,2,3,8,0,0,0,0,0,0,4,2,0,0,0,0,1,0,4,0,0,0,0,1,0,0,0,0,0,0,46,24,17,7,6,3,0,7,0,0,0,0,0,1,2,0,0,9,7,9,10,2,0,10,0,0,8,0,0,0,0,0,0,1,1,1,1,1,1,1,1,0,0,0,0,0,1,1,0,0,1,1,1,1,1,0,1,0,0,1,0,0,0,0,0,26,1/0
0,5,1,0,3,0,4,2,2,0,0,0,0,0,4,6,0,0,0,0,0,0,3,0,0,0,0,1,0,0,0,0,0,0,2,0,1,0,0,0,0,0,0,0,0,0,0,0,0,0,0,0,0,0,0,0,0,0,0,0,0,0,0,0,0,0,0,0,0,0,1,0,0,0,0,0,0,0,0,0,0,0,0,0,0,0,0,0,1,0,0,0,0,0,0,0,0,0,0,0,0,0,0,0,0,0,0,1,0,0,0,0,0,1,0,0,0,1,0,0,0,1,0,0,0,0,0,0,0,0,0,0,0,7,5,2,5,2,3,8,0,0,0,0,0,0,4,2,0,0,0,0,1,0,4,0,0,0,0,1,0,0,0,0,0,0,46,24,17,5,6,1,0,7,0,0,0,0,0,1,2,0,0,9,7,9,10,1,0,10,0,0,8,0,0,0,0,0,0,1,1,1,1,1,1,1,1,0,0,0,0,0,1,1,0,0,1,1,1,1,1,0,1,0,0,1,0,0,0,0,0,27,1/1
0,1,0,0,1,0,0,0,0,0,0,0,0,0,0,0,0,0,0,0,0,0,0,0,0,0,0,1,0,0,2,0,0,0,1,0,0,2,0,0,1,0,0,0,0,0,0,0,0,0,0,0,0,0,0,0,0,0,0,0,0,0,0,0,0,0,0,5,2,0,0,0,0,2,3,0,0,0,0,1,3,0,0,0,0,0,0,0,0,0,0,0,0,1,0,0,2,0,0,0,0,0,0,0,0,0,0,0,0,0,0,0,0,0,0,0,0,1,0,0,0,0,0,0,0,0,0,0,0,0,0,0,0,7,4,4,3,0,1,6,3,0,0,0,0,0,1,0,0,0,0,0,0,0,0,0,0,0,0,1,1,0,2,0,0,0,46,24,16,8,8,7,1,4,0,0,0,10,9,6,0,0,10,9,8,0,0,0,0,0,0,0,7,9,0,4,0,0,0,1,1,1,1,1,1,1,1,0,0,0,1,1,1,0,0,1,1,1,0,0,0,0,0,0,0,1,1,0,1,0,0,17,1/0
0,1,1,0,0,0,0,0,0,0,0,0,0,0,0,0,0,0,0,0,0,0,0,0,0,0,0,0,0,0,1,0,0,0,2,0,0,2,0,0,1,0,0,0,0,0,0,0,0,0,0,0,0,0,0,0,0,0,0,0,0,0,0,0,0,0,0,4,1,1,1,0,0,2,0,0,0,0,0,1,2,0,0,0,0,0,0,0,0,0,0,0,0,1,0,0,3,0,0,0,0,0,0,0,0,0,0,3,0,0,0,0,0,1,0,0,0,1,0,0,0,0,0,0,0,0,1,0,0,1,0,0,0,7,4,4,3,0,3,7,3,0,0,0,0,0,1,0,0,0,0,0,0,0,0,0,0,0,0,1,1,0,2,0,0,0,46,24,15,8,8,5,0,4,0,0,0,10,9,6,0,0,10,9,8,0,0,0,0,0,0,0,7,9,0,3,0,0,0,1,1,1,1,1,1,1,1,0,0,0,1,1,1,0,0,1,1,1,0,0,0,0,0,0,0,1,1,0,1,0,0,19,1/1
0,7,1,1,2,0,0,2,2,0,0,0,0,1,3,0,0,0,0,0,0,0,0,0,0,0,0,2,0,0,3,0,0,0,0,1,0,1,0,1,1,0,0,0,0,0,0,0,0,0,0,0,0,0,0,0,0,0,0,0,0,0,0,0,0,0,0,0,0,0,0,0,0,0,0,0,0,0,0,0,0,0,0,0,0,0,0,0,0,0,0,0,0,0,0,0,1,0,0,0,0,0,0,0,0,0,0,1,0,0,0,0,0,0,0,0,0,1,0,0,0,0,0,0,0,0,0,0,0,1,0,0,0,7,4,4,3,0,3,7,3,0,0,0,0,1,1,0,0,0,0,0,0,0,0,0,0,0,0,1,1,0,2,0,0,0,46,24,15,8,8,4,0,4,0,0,0,10,8,6,0,0,10,9,8,0,0,0,0,0,0,0,7,9,0,3,0,0,0,1,1,1,1,1,1,1,1,0,0,0,1,1,1,0,0,1,1,1,0,0,0,0,0,0,0,1,1,0,1,0,0,20,1/1
0,5,2,0,3,0,1,2,2,0,0,0,0,1,2,0,0,0,0,0,0,0,0,0,0,0,0,2,0,0,4,0,0,0,2,0,1,0,0,0,1,0,0,0,0,0,0,0,0,0,0,0,0,0,0,0,0,0,0,0,0,0,0,0,0,0,0,0,0,0,0,0,0,0,0,0,0,0,0,0,0,0,0,0,0,0,0,0,0,0,0,0,0,0,0,0,0,0,0,0,0,0,0,0,0,0,0,2,0,0,0,0,0,1,0,0,0,1,0,0,0,0,0,0,0,0,0,0,0,1,0,0,0,7,4,4,3,0,3,7,4,0,0,0,0,1,1,0,0,0,0,0,0,0,0,0,0,0,0,1,1,0,2,0,0,0,46,24,15,8,8,4,0,2,0,0,0,10,8,6,0,0,10,9,8,0,0,0,0,0,0,0,7,9,0,3,0,0,0,1,1,1,1,1,1,1,1,0,0,0,1,1,1,0,0,1,1,1,0,0,0,0,0,0,0,1,1,0,1,0,0,21,1/1
0,2,0,0,1,0,1,2,1,0,0,0,0,0,0,0,0,0,0,0,0,0,0,0,0,0,0,0,0,0,0,0,0,0,5,2,1,2,0,1,1,0,0,0,0,0,0,0,0,0,0,0,0,0,0,0,0,0,0,0,0,0,0,0,0,0,0,0,0,0,0,0,0,0,0,0,0,0,0,0,0,0,0,0,0,0,0,0,0,0,0,0,0,0,0,0,0,0,0,0,0,0,0,0,0,0,0,3,0,0,0,0,1,3,0,0,0,1,0,0,0,0,0,0,0,0,2,0,0,5,0,0,0,7,4,4,3,0,4,7,4,0,0,0,0,1,1,0,0,0,0,0,0,0,0,0,0,0,0,1,1,0,2,0,0,0,46,24,15,8,8,2,0,2,0,0,0,10,8,6,0,0,10,9,8,0,0,0,0,0,0,0,7,9,0,3,0,0,0,1,1,1,1,1,1,1,1,0,0,0,1,1,1,0,0,1,1,1,0,0,0,0,0,0,0,1,1,0,1,0,0,22,1/1
0,0,0,0,0,0,0,0,0,0,0,0,0,0,0,0,0,0,0,0,0,0,0,0,0,0,0,0,0,0,0,0,0,0,0,1,0,0,0,0,1,0,0,0,0,0,0,0,0,0,0,0,0,0,0,0,0,0,0,0,0,0,0,0,0,1,0,0,0,0,0,0,0,0,0,0,0,0,0,0,0,0,0,0,0,0,0,0,0,0,0,0,0,0,0,0,0,0,0,0,0,0,0,0,0,0,0,2,0,0,0,0,0,2,0,0,0,1,0,0,0,0,0,0,0,0,1,0,0,0,0,0,0,1,2,0,0,0,0,5,3,0,0,0,0,0,2,0,0,0,1,0,0,0,0,0,0,0,0,1,0,0,0,0,1,0,46,27,20,8,8,8,4,5,0,10,0,0,0,6,0,0,0,8,8,0,10,0,8,0,10,0,8,0,0,0,0,8,0,1,1,1,1,1,1,1,1,0,1,0,0,0,1,0,0,0,1,1,0,1,0,1,0,1,0,1,0,0,0,0,1,11,1/0
0,0,0,0,0,0,0,2,0,0,0,0,0,0,0,0,0,0,0,0,0,0,0,0,0,0,0,1,0,0,0,0,1,0,0,2,0,0,0,0,2,0,0,0,0,0,0,0,0,0,0,0,0,0,0,0,0,0,0,0,0,0,0,0,0,0,0,0,0,0,0,0,0,0,0,0,0,0,0,0,0,0,0,0,0,0,0,0,0,0,0,0,0,0,0,0,0,0,0,0,0,0,0,0,0,0,0,3,0,0,0,0,0,2,0,0,0,1,0,0,0,0,0,0,0,0,0,0,0,0,0,0,0,0,3,0,0,0,0,0,4,0,0,0,0,0,3,0,0,0,1,0,0,0,0,0,0,0,0,1,0,0,0,0,1,0,46,25,20,8,8,8,3,3,0,10,0,0,0,5,0,0,0,8,7,0,10,0,8,0,10,0,8,0,0,0,0,8,0,1,1,1,1,1,1,1,1,0,1,0,0,0,1,0,0,0,1,1,0,1,0,1,0,1,0,1,0,0,0,0,1,13,0/1
0,0,1,0,0,0,0,0,0,0,0,0,0,0,1,0,0,0,0,0,0,0,0,0,0,0,0,1,0,0,0,0,0,0,0,2,0,0,0,0,0,0,0,0,0,0,0,0,0,0,0,0,0,0,0,0,0,0,0,0,0,0,0,0,0,1,0,0,0,0,0,0,0,0,0,0,0,0,0,0,0,0,0,0,0,0,0,0,0,0,0,0,0,0,0,0,0,0,0,0,0,0,0,0,0,0,0,4,0,0,0,0,0,4,0,0,0,1,0,0,0,0,0,0,0,0,0,0,0,0,0,0,0,0,2,0,0,0,0,2,6,0,0,0,0,0,2,0,0,0,1,0,0,0,0,0,0,0,0,1,0,0,0,0,1,0,46,25,20,8,8,8,2,0,0,10,0,0,0,3,0,0,0,8,7,0,10,0,8,0,10,0,8,0,0,0,0,8,0,1,1,1,1,1,1,1,1,0,1,0,0,0,1,0,0,0,1,1,0,1,0,1,0,1,0,1,0,0,0,0,1,14,1/0
0,0,1,0,0,0,0,0,0,0,0,0,0,0,1,0,0,0,0,0,0,0,0,0,0,0,0,1,0,0,0,0,0,0,0,2,0,0,0,0,0,0,0,0,0,0,0,0,0,0,0,0,0,0,0,0,0,0,0,0,0,0,0,0,0,1,0,0,0,0,0,0,0,0,0,0,0,0,0,0,0,0,0,0,0,0,0,0,0,0,0,0,0,0,0,0,0,0,0,0,0,0,0,0,0,0,0,4,0,0,0,0,0,4,0,0,0,1,0,0,0,0,0,0,0,0,0,0,0,0,0,0,0,0,2,0,0,0,0,2,6,0,0,0,0,0,2,0,0,0,1,0,0,0,0,0,0,0,0,1,0,0,0,0,1,0,46,25,20,8,8,8,2,0,0,10,0,0,0,3,0,0,0,8,7,0,10,0,8,0,10,0,8,0,0,0,0,8,0,1,1,1,1,1,1,1,1,0,1,0,0,0,1,0,0,0,1,1,0,1,0,1,0,1,0,1,0,0,0,0,1,14,1/0
0,1,0,0,0,0,1,0,0,0,0,0,0,0,0,0,0,0,0,0,0,0,0,0,0,0,0,0,0,0,0,0,0,0,0,1,1,0,0,0,0,0,0,0,0,0,0,0,0,0,0,0,0,0,0,0,0,0,0,0,0,0,0,0,0,0,0,3,1,1,0,0,3,0,0,0,0,0,0,0,0,0,0,0,0,0,0,0,0,0,0,0,0,0,0,1,1,0,1,0,0,0,0,0,0,0,0,3,0,0,0,0,0,0,0,0,0,1,0,0,0,1,0,0,0,0,0,0,1,4,0,0,0,7,0,0,3,0,0,0,1,0,0,0,0,0,0,0,0,0,0,0,4,3,4,0,0,0,0,0,0,1,5,0,0,0,46,28,18,8,8,4,10,6,0,0,0,0,0,0,0,0,0,9,0,6,7,5,8,0,10,0,0,0,7,0,0,9,0,1,1,1,1,1,1,1,1,0,0,0,0,0,0,0,0,0,1,0,1,1,1,1,0,1,0,0,0,1,1,0,1,17,0/1
0,2,1,2,0,0,4,0,3,0,0,0,0,0,0,0,0,0,0,0,0,0,1,0,0,0,0,0,0,3,2,0,1,0,0,1,0,0,0,1,0,0,0,0,0,0,0,0,0,0,0,0,0,0,0,0,0,0,0,0,0,0,0,0,0,0,0,2,0,0,0,0,0,0,0,0,0,0,0,0,0,0,0,0,0,0,0,0,0,0,0,0,0,0,0,0,0,0,0,0,0,0,0,0,0,0,0,0,0,0,0,0,0,0,0,0,0,1,0,0,0,0,0,0,0,0,0,0,0,3,0,0,0,7,0,0,3,0,0,0,1,0,0,0,0,0,0,0,0,0,0,0,5,5,4,0,0,0,0,0,0,1,5,0,0,0,46,28,18,8,8,3,10,6,0,0,0,0,0,0,0,0,0,9,0,5,5,5,8,0,10,0,0,0,6,0,0,9,0,1,1,1,1,1,1,1,1,0,0,0,0,0,0,0,0,0,1,0,1,1,1,1,0,1,0,0,0,1,1,0,1,18,0/1
0,0,0,1,0,0,2,0,2,0,0,0,0,0,0,0,0,0,0,0,0,0,0,1,0,0,0,0,0,2,2,0,1,0,1,1,0,0,0,0,0,0,0,0,0,0,0,0,0,0,0,0,0,0,0,0,0,0,0,0,0,0,0,0,0,0,0,3,1,1,0,0,4,0,0,0,0,0,0,0,0,0,0,0,0,0,0,0,1,0,0,0,0,0,0,1,3,0,0,0,0,0,0,0,0,0,0,1,0,0,0,0,0,0,0,0,0,1,0,0,0,0,0,0,0,0,0,0,0,0,0,0,0,7,0,0,3,0,0,0,2,0,0,0,0,0,0,0,0,0,0,0,7,6,6,0,0,0,0,0,0,1,5,0,0,0,46,28,18,8,8,2,10,5,0,0,0,0,0,0,0,0,0,9,0,3,4,3,7,0,10,0,0,0,6,0,0,9,0,1,1,1,1,1,1,1,1,0,0,0,0,0,0,0,0,0,1,0,1,1,1,1,0,1,0,0,0,1,1,0,1,20,0/1
0,3,2,1,0,0,4,0,1,0,0,0,0,0,0,0,0,0,0,0,0,0,0,0,0,0,0,0,0,1,4,0,1,0,1,0,0,0,0,1,0,0,0,0,0,0,0,0,0,0,0,0,0,0,0,0,0,0,0,0,0,0,0,0,0,0,0,0,0,1,0,2,1,0,2,0,0,0,0,0,0,0,0,0,0,0,0,0,2,1,0,0,0,0,0,2,1,0,0,0,0,0,0,0,0,0,0,0,0,0,0,0,0,0,0,0,0,1,0,0,0,0,0,0,0,0,0,0,0,0,0,0,0,7,0,0,3,0,0,0,5,0,0,0,0,0,0,0,0,0,0,0,8,8,8,3,0,0,0,0,0,1,5,0,0,0,46,28,18,8,6,2,10,2,0,0,0,0,0,0,0,0,0,9,0,2,2,0,4,0,10,0,0,0,6,0,0,9,0,1,1,1,1,1,1,1,1,0,0,0,0,0,0,0,0,0,1,0,1,1,1,1,0,1,0,0,0,1,1,0,1,22,0/1
0,5,0,0,3,0,0,0,0,0,0,0,0,0,0,0,0,0,0,0,0,0,0,0,0,0,0,0,0,0,1,0,0,0,2,2,0,0,0,0,0,0,0,0,0,0,0,0,0,0,0,0,0,0,0,0,0,0,0,0,0,0,0,0,0,0,0,0,0,0,0,0,0,0,0,0,0,0,0,0,0,0,0,0,0,0,0,0,0,0,0,0,0,0,0,0,0,0,0,0,0,0,0,0,0,0,0,0,0,0,0,0,0,0,0,0,0,1,0,0,0,0,0,0,0,0,0,0,0,0,0,0,0,7,1,0,3,0,0,0,0,0,0,0,0,0,0,1,0,0,0,0,0,0,0,0,0,0,0,0,0,0,2,0,0,0,46,27,20,8,8,8,10,10,0,0,0,10,10,0,9,10,0,9,0,0,10,0,0,0,10,10,0,0,0,7,0,0,0,1,1,1,1,1,1,1,1,0,0,0,1,1,0,1,1,0,1,0,0,1,0,0,0,1,1,0,0,0,1,0,0,5,0/1
0,5,0,0,1,0,0,0,0,0,0,0,0,0,0,1,0,0,0,0,0,0,0,0,0,0,0,0,0,0,1,0,0,0,2,1,0,2,0,0,0,0,0,0,0,0,0,0,0,0,0,0,0,0,0,0,0,0,0,0,0,0,0,0,0,0,0,0,0,0,0,0,0,0,0,0,0,0,0,0,0,0,0,0,0,0,0,0,0,0,0,0,0,0,0,0,0,0,0,0,0,0,0,0,0,0,0,0,0,0,0,0,0,0,1,0,0,1,0,0,0,0,0,0,0,0,0,0,0,1,0,0,0,7,3,1,3,0,1,0,0,0,0,0,0,0,0,0,0,0,1,0,0,0,0,0,0,0,0,0,0,0,1,0,0,0,46,26,19,8,8,7,10,10,0,0,0,10,10,0,8,10,0,8,0,0,10,0,0,0,10,10,0,0,0,7,0,0,0,1,1,1,1,1,1,1,1,0,0,0,1,1,0,1,1,0,1,0,0,1,0,0,0,1,1,0,0,0,1,0,0,7,1/1
0,5,3,1,1,0,1,0,0,0,0,0,0,0,0,0,0,0,0,0,0,0,0,0,0,0,0,0,0,0,0,0,0,0,2,0,0,2,0,0,0,0,0,0,0,0,0,0,0,0,0,0,0,0,0,0,0,0,0,0,0,0,0,0,0,0,0,0,0,0,0,0,0,0,0,0,0,0,0,0,0,0,0,0,0,0,0,0,0,0,0,0,0,0,0,0,0,0,0,0,0,0,0,0,0,0,0,0,0,0,0,0,0,0,0,0,0,1,0,0,0,0,0,0,0,0,0,0,0,1,0,0,0,7,1,0,3,0,0,0,1,0,0,0,0,0,0,2,0,0,1,0,0,0,0,0,0,0,0,0,0,0,2,0,0,0,46,26,19,8,8,7,10,9,0,0,0,10,10,0,8,10,0,8,0,0,10,0,0,0,10,10,0,0,0,7,0,0,0,1,1,1,1,1,1,1,1,0,0,0,1,1,0,1,1,0,1,0,0,1,0,0,0,1,1,0,0,0,1,0,0,8,0/1
0,0,0,0,0,0,0,0,0,0,0,0,0,0,0,0,0,0,0,0,0,0,0,0,0,0,0,0,0,0,0,0,0,0,3,0,0,1,0,0,0,0,0,0,0,0,0,0,0,0,0,0,0,0,0,0,0,0,0,0,0,0,0,0,0,0,0,4,1,1,2,0,0,0,1,0,0,0,0,0,0,2,0,0,0,0,0,0,0,0,0,0,0,0,0,0,1,0,0,0,0,0,0,0,0,0,0,0,0,0,0,0,0,0,0,0,0,1,0,0,0,0,0,0,0,0,0,0,0,1,0,0,0,7,4,1,3,0,2,0,0,0,0,0,0,0,0,0,0,0,1,0,0,0,0,0,0,0,0,0,0,0,1,0,0,0,46,25,18,8,8,6,10,9,0,0,0,10,10,0,8,10,0,8,0,0,10,0,0,0,10,10,0,0,0,7,0,0,0,1,1,1,1,1,1,1,1,0,0,0,1,1,0,1,1,0,1,0,0,1,0,0,0,1,1,0,0,0,1,0,0,9,1/0
0,4,2,0,1,0,0,0,0,0,0,0,0,0,0,0,0,0,0,0,0,0,0,0,0,0,0,0,0,0,0,0,0,0,2,0,0,2,0,0,0,0,0,0,0,0,0,0,0,0,0,0,0,0,0,0,0,0,0,0,0,0,0,0,0,0,0,1,2,1,0,0,2,0,0,0,0,0,0,0,0,0,0,0,0,0,0,0,0,0,0,0,0,0,0,0,0,0,0,0,0,0,0,0,0,0,0,0,0,0,0,0,0,0,0,0,0,1,0,0,0,0,0,0,0,0,0,0,0,1,0,0,0,7,1,1,3,0,0,0,2,0,0,0,0,0,0,2,0,0,1,0,0,0,0,0,0,0,0,0,0,0,2,0,0,0,46,25,18,8,8,6,10,8,0,0,0,10,10,0,8,10,0,8,0,0,10,0,0,0,10,10,0,0,0,7,0,0,0,1,1,1,1,1,1,1,1,0,0,0,1,1,0,1,1,0,1,0,0,1,0,0,0,1,1,0,0,0,1,0,0,10,0/1
0,4,3,1,1,0,0,0,0,0,0,0,0,0,0,0,0,0,0,0,0,0,0,0,0,0,0,0,0,0,1,0,0,0,2,0,0,1,0,1,0,0,0,0,0,0,0,0,0,0,0,0,0,0,0,0,0,0,0,0,0,0,0,0,0,0,0,1,2,0,1,0,1,0,0,0,0,0,0,0,0,1,0,0,0,0,0,0,0,0,0,0,0,0,0,0,0,0,0,0,0,0,0,0,0,0,0,0,0,0,0,0,0,0,0,0,0,1,0,0,0,0,0,0,0,0,0,0,0,0,0,0,0,7,1,2,3,0,0,0,2,0,0,0,0,0,0,3,0,0,1,0,0,0,0,0,0,0,1,0,0,0,2,0,0,0,46,24,17,8,8,6,10,8,0,0,0,10,10,0,6,10,0,8,0,0,10,0,0,0,10,9,0,0,0,7,0,0,0,1,1,1,1,1,1,1,1,0,0,0,1,1,0,1,1,0,1,0,0,1,0,0,0,1,1,0,0,0,1,0,0,12,0/0
0,5,0,2,3,0,0,0,1,0,0,0,0,0,0,3,0,0,0,0,0,0,0,0,0,0,0,0,0,0,2,0,0,0,2,1,0,0,0,0,0,0,0,0,0,0,0,0,0,0,0,0,0,0,0,0,0,0,0,1,0,0,0,0,0,0,0,0,0,0,0,0,0,0,0,0,0,0,0,0,0,0,0,0,0,0,0,0,0,0,0,0,0,0,0,0,0,0,0,0,0,0,0,0,0,0,0,1,0,0,0,0,0,0,0,0,0,1,0,0,0,0,0,0,0,0,0,0,0,0,0,0,0,7,6,1,3,0,2,0,0,0,0,0,0,0,0,1,0,0,1,0,0,0,0,0,0,0,0,0,0,0,1,0,0,0,46,23,17,8,8,6,10,8,0,0,0,10,10,0,6,10,0,8,0,0,10,0,0,0,10,9,0,0,0,7,0,0,0,1,1,1,1,1,1,1,1,0,0,0,1,1,0,1,1,0,1,0,0,1,0,0,0,1,1,0,0,0,1,0,0,12,1/0
0,3,3,1,3,0,2,0,0,0,0,0,0,0,0,0,0,0,0,0,0,0,0,0,0,0,0,0,0,0,0,0,0,0,4,3,0,0,0,1,0,0,0,0,0,0,0,0,0,0,0,0,0,0,0,0,0,0,0,0,0,0,0,0,0,0,0,0,0,0,0,0,0,0,0,0,0,0,0,0,0,0,0,0,0,0,0,0,0,0,0,0,0,0,0,0,0,0,0,0,0,0,0,0,0,0,0,0,0,0,0,0,1,0,1,0,0,1,0,0,0,0,0,0,0,0,0,0,0,1,0,0,0,7,1,3,3,0,1,0,2,0,0,0,0,1,0,3,0,0,1,0,0,0,0,0,0,0,1,0,0,0,3,0,0,0,46,23,16,8,8,4,10,8,0,0,0,10,8,0,6,10,0,8,0,0,10,0,0,0,10,9,0,0,0,6,0,0,0,1,1,1,1,1,1,1,1,0,0,0,1,1,0,1,1,0,1,0,0,1,0,0,0,1,1,0,0,0,1,0,0,15,0/1
0,2,0,0,2,0,1,0,1,0,0,0,0,0,0,2,0,0,0,0,0,0,0,0,0,0,0,0,0,0,1,0,0,0,5,1,3,1,0,0,0,0,0,0,0,0,0,0,0,0,0,0,0,0,0,0,0,0,0,0,0,0,0,0,0,0,0,0,0,0,0,0,0,0,0,0,0,0,0,0,0,0,0,0,0,0,0,0,0,0,0,0,0,0,0,0,0,0,0,0,0,0,0,0,0,0,0,1,0,0,0,0,1,0,1,0,0,1,0,0,0,0,0,0,0,1,0,0,0,2,0,0,0,7,7,1,3,0,4,0,0,0,0,0,0,1,0,1,0,0,1,0,0,0,0,0,0,0,0,0,0,0,1,0,0,0,46,22,16,8,8,3,10,8,0,0,0,10,8,0,6,10,0,8,0,0,10,0,0,0,10,9,0,0,0,6,0,0,0,1,1,1,1,1,1,1,1,0,0,0,1,1,0,1,1,0,1,0,0,1,0,0,0,1,1,0,0,0,1,0,0,15,1/1
0,2,0,0,0,0,0,0,0,0,0,0,0,0,0,0,0,0,0,0,0,0,0,0,0,0,0,0,0,0,0,0,0,0,2,0,0,2,0,0,0,0,0,0,0,0,0,0,0,0,0,0,0,0,0,0,0,0,0,0,0,0,0,0,0,0,0,3,1,0,1,0,0,0,0,0,0,0,0,0,0,0,0,0,0,0,1,0,0,0,0,0,0,0,0,0,0,0,0,0,0,0,0,0,0,0,0,0,0,0,0,0,0,0,0,0,0,1,0,0,0,0,0,0,0,0,0,0,0,0,0,0,0,7,2,0,3,0,0,0,0,0,0,0,0,0,0,0,0,0,0,0,1,0,0,0,0,0,0,0,1,0,0,0,0,0,46,27,20,8,8,8,10,0,0,0,0,10,10,10,0,0,0,9,0,8,0,10,8,10,0,10,0,9,0,0,0,0,0,1,1,1,1,1,1,1,0,0,0,0,1,1,1,0,0,0,1,0,1,0,1,1,1,0,1,0,1,0,0,0,0,4,1/1
0,3,1,0,3,0,0,0,0,0,0,0,0,0,1,0,0,0,0,0,1,0,0,0,0,0,0,0,0,0,0,0,0,0,4,0,0,0,0,0,0,0,0,0,0,0,0,0,0,0,0,0,0,0,0,0,0,0,0,0,0,0,0,0,0,0,0,0,0,0,0,0,0,0,0,0,0,0,0,0,0,0,0,0,0,0,0,0,0,0,0,0,0,0,0,0,0,0,0,0,0,0,0,0,0,0,0,0,0,0,0,0,0,0,0,0,0,1,0,0,0,0,0,0,0,0,0,0,0,0,0,0,0,7,2,0,3,0,0,0,0,0,0,0,0,1,0,0,0,0,0,0,1,0,0,0,0,0,0,0,1,0,0,0,0,0,46,27,20,8,8,8,10,0,0,0,0,10,9,9,0,0,0,9,0,8,0,10,8,10,0,10,0,9,0,0,0,0,0,1,1,1,1,1,1,1,0,0,0,0,1,1,1,0,0,0,1,0,1,0,1,1,1,0,1,0,1,0,0,0,0,5,1/1
0,3,0,0,2,0,0,0,0,0,0,0,0,0,2,0,0,0,0,0,0,0,0,0,0,0,1,0,0,0,0,0,0,0,4,1,0,1,0,0,0,0,0,0,0,0,0,0,0,0,0,0,0,0,0,0,0,0,0,0,0,0,0,0,0,0,0,0,0,0,0,0,0,0,0,0,0,0,0,0,0,0,0,0,0,0,0,0,0,0,0,0,0,0,0,0,0,0,0,0,0,0,0,0,0,0,0,0,0,0,0,0,1,0,0,0,0,1,0,1,0,0,0,0,0,0,0,0,0,0,0,0,0,7,2,0,3,0,0,0,0,0,0,0,0,1,2,0,0,0,0,0,2,0,0,0,0,0,0,0,1,0,0,0,0,0,46,27,20,8,8,8,10,0,0,0,0,10,8,6,0,0,0,9,0,7,0,10,8,10,0,9,0,9,0,0,0,0,0,1,1,1,1,1,1,1,0,0,0,0,1,1,1,0,0,0,1,0,1,0,1,1,1,0,1,0,1,0,0,0,0,8,1/1
0,5,1,0,2,0,0,0,0,0,0,0,0,1,2,0,0,0,0,0,2,0,0,0,0,0,0,0,0,0,0,0,0,0,2,0,0,1,0,0,0,0,0,0,0,0,1,0,0,0,0,0,0,0,0,0,0,0,0,1,0,0,0,0,0,0,0,0,0,0,0,0,0,0,0,0,0,0,0,0,0,0,0,0,0,0,0,0,0,0,0,0,0,0,0,0,0,0,0,0,0,0,0,0,0,0,0,0,0,0,0,0,0,0,0,0,0,1,0,0,0,0,0,0,0,0,0,0,0,0,0,0,0,7,2,0,3,0,0,0,0,0,0,0,0,2,2,0,0,0,0,0,3,0,0,0,0,0,0,0,1,0,0,0,0,0,46,27,20,8,8,8,10,0,0,0,0,10,6,6,0,0,0,9,0,5,0,10,8,10,0,9,0,9,0,0,0,0,0,1,1,1,1,1,1,1,0,0,0,0,1,1,1,0,0,0,1,0,1,0,1,1,1,0,1,0,1,0,0,0,0,9,1/1
0,6,1,0,2,0,0,0,0,0,0,0,0,2,1,0,0,0,0,0,2,0,0,0,0,0,1,0,0,0,0,0,0,0,1,0,0,1,0,0,0,0,0,0,0,0,0,1,0,0,0,0,0,0,0,0,0,0,0,0,0,0,0,0,0,0,0,0,0,0,0,0,0,0,0,0,0,0,0,0,0,0,0,0,0,0,0,0,0,0,0,0,0,0,0,0,0,0,0,0,0,0,0,0,0,0,0,0,0,0,0,0,0,1,0,0,0,1,0,0,0,0,0,0,0,0,0,0,0,0,0,0,0,7,2,0,3,0,0,0,0,0,0,0,0,2,3,0,0,0,0,0,3,0,0,0,0,0,0,0,1,0,0,0,0,0,46,27,20,8,8,8,10,0,0,0,0,10,6,4,0,0,0,9,0,5,0,10,8,10,0,9,0,9,0,0,0,0,0,1,1,1,1,1,1,1,0,0,0,0,1,1,1,0,0,0,1,0,1,0,1,1,1,0,1,0,1,0,0,0,0,10,1/1
0,0,0,0,0,0,0,0,0,0,0,0,0,0,0,0,0,0,0,0,0,0,0,0,0,0,0,0,0,0,0,0,0,0,1,0,0,1,0,0,0,0,0,0,0,0,0,1,0,0,0,0,0,0,0,0,0,0,0,0,0,0,0,0,0,0,0,6,1,0,2,0,0,0,0,0,0,0,0,2,1,0,0,0,0,0,2,0,0,0,0,0,1,0,0,0,0,0,0,0,0,0,0,0,0,0,0,0,0,0,0,0,0,1,0,0,0,1,0,0,0,0,0,0,0,0,0,0,0,0,0,0,0,7,2,0,3,0,0,0,0,0,0,0,0,2,3,0,0,0,0,0,3,0,0,0,0,0,0,0,1,0,0,0,0,0,46,27,20,8,8,8,10,0,0,0,0,10,6,4,0,0,0,9,0,5,0,10,8,10,0,9,0,9,0,0,0,0,0,1,1,1,1,1,1,1,0,0,0,0,1,1,1,0,0,0,1,0,1,0,1,1,1,0,1,0,1,0,0,0,0,10,1/0
0,0,0,0,0,0,0,0,0,0,0,0,0,0,0,0,0,0,0,0,0,0,0,0,0,0,0,0,0,0,0,0,0,0,7,1,0,3,0,0,0,0,0,0,0,0,1,0,0,0,0,0,0,0,0,1,0,0,0,1,0,0,0,0,0,0,0,0,0,0,0,0,0,0,0,0,0,0,0,0,0,0,0,0,0,0,0,0,0,0,0,0,0,0,0,0,0,0,0,0,0,0,0,0,0,0,0,0,0,0,0,0,2,3,0,0,0,1,0,5,0,0,0,0,0,0,0,0,0,0,0,0,0,7,2,0,3,0,2,0,0,0,0,0,0,4,6,0,0,0,0,0,5,0,0,0,0,0,0,0,1,0,0,0,0,0,46,27,20,8,8,6,10,0,0,0,0,10,3,1,0,0,0,9,0,0,0,9,8,10,0,9,0,9,0,0,0,0,0,1,1,1,1,1,1,1,0,0,0,0,1,1,1,0,0,0,1,0,1,0,1,1,1,0,1,0,1,0,0,0,0,13,1/0
0,1,0,0,0,0,0,0,0,0,0,1,0,0,0,0,0,0,0,0,0,0,0,0,0,0,0,0,1,0,0,0,0,0,2,0,0,1,0,0,0,0,0,0,0,0,0,0,0,0,0,0,0,0,0,0,0,0,0,0,0,0,0,0,0,0,0,3,0,0,2,0,0,0,0,0,0,0,0,0,0,0,0,0,0,0,0,0,1,0,0,0,0,0,0,0,0,0,0,0,0,0,0,0,0,0,0,0,0,0,0,0,0,1,0,0,0,1,0,0,0,0,0,0,0,0,0,0,0,0,0,0,0,6,2,0,3,0,0,0,0,0,0,1,0,0,0,1,0,0,0,0,0,0,0,0,0,0,0,0,1,0,0,0,0,0,46,28,20,8,8,8,10,10,10,0,8,0,0,9,9,0,0,9,0,0,10,9,0,0,10,0,0,8,0,0,0,0,0,1,1,1,1,1,1,1,1,1,0,1,0,0,1,1,0,0,1,0,0,1,1,0,0,1,0,0,1,0,0,0,0,6,1/0
0,1,0,0,0,0,0,0,0,0,0,1,0,0,0,0,0,0,0,0,0,0,0,0,0,0,0,0,1,0,0,0,0,0,2,0,0,1,0,0,0,0,0,0,0,0,0,0,0,0,0,0,0,0,0,0,0,0,0,0,0,0,0,0,0,0,0,3,0,0,2,0,0,0,0,0,0,0,0,0,0,0,0,0,0,0,0,0,1,0,0,0,0,0,0,0,0,0,0,0,0,0,0,0,0,0,0,0,0,0,0,0,0,1,0,0,0,1,0,0,0,0,0,0,0,0,0,0,0,0,0,0,0,6,2,0,3,0,0,0,0,0,0,1,0,0,0,1,0,0,0,0,0,0,0,0,0,0,0,0,1,0,0,0,0,0,46,28,20,8,8,8,10,10,10,0,8,0,0,9,9,0,0,9,0,0,10,9,0,0,10,0,0,8,0,0,0,0,0,1,1,1,1,1,1,1,1,1,0,1,0,0,1,1,0,0,1,0,0,1,1,0,0,1,0,0,1,0,0,0,0,6,1/0
0,2,0,0,1,0,0,0,1,0,0,1,0,0,0,0,0,0,0,0,0,0,0,0,0,0,0,0,1,0,0,0,0,0,3,0,0,2,0,0,0,0,0,0,0,0,0,0,0,0,0,0,0,0,0,0,0,0,0,0,0,0,0,0,0,0,0,0,0,0,0,0,0,0,0,0,0,0,0,0,0,0,0,0,0,0,0,0,0,0,0,0,0,0,0,0,0,0,0,0,0,0,0,0,0,0,0,0,0,0,0,0,0,1,1,0,0,1,0,0,0,1,0,0,0,0,0,0,0,0,0,0,0,4,2,1,3,0,0,0,1,0,0,1,0,0,0,1,0,0,0,0,0,0,0,0,0,0,0,0,1,0,0,0,0,0,46,28,19,8,8,8,10,8,10,0,8,0,0,9,8,0,0,9,0,0,10,9,0,0,10,0,0,8,0,0,0,0,0,1,1,1,1,1,1,1,1,1,0,1,0,0,1,1,0,0,1,0,0,1,1,0,0,1,0,0,1,0,0,0,0,8,1/0
0,0,0,0,0,0,0,0,0,0,0,0,0,0,0,0,0,0,0,0,0,0,0,0,0,0,0,0,0,0,0,0,0,0,1,0,0,0,0,0,0,0,0,0,0,0,0,0,0,0,0,0,0,0,0,1,0,0,0,0,0,0,0,0,0,0,0,1,0,0,3,0,0,0,0,0,0,0,0,0,0,0,0,0,0,0,0,0,0,0,0,0,0,0,0,0,0,0,0,0,0,0,0,0,0,0,0,1,0,0,1,0,0,2,2,0,0,1,0,0,0,1,0,0,0,0,0,1,0,0,0,0,0,4,3,1,3,0,1,0,1,0,0,1,0,0,1,1,0,0,0,0,0,0,0,0,0,0,0,0,1,0,0,0,0,0,46,27,19,8,8,7,10,8,10,0,8,0,0,7,7,0,0,9,0,0,10,8,0,0,10,0,0,8,0,0,0,0,0,1,1,1,1,1,1,1,1,1,0,1,0,0,1,1,0,0,1,0,0,1,1,0,0,1,0,0,1,0,0,0,0,10,1/0
0,0,0,0,1,0,0,0,0,0,0,0,0,0,0,0,0,0,0,0,0,0,0,0,0,0,0,0,0,0,0,0,0,0,0,0,0,1,0,0,0,0,0,0,0,0,0,0,0,0,0,0,0,0,0,0,0,0,0,0,0,0,0,0,0,0,0,0,0,0,0,0,0,0,0,0,0,0,0,0,0,0,0,0,0,0,0,0,0,0,0,0,0,0,0,0,0,0,0,0,0,0,0,0,0,0,0,1,1,0,1,0,0,3,3,0,0,1,0,0,0,2,0,0,0,0,0,1,0,0,0,0,0,3,3,1,3,0,1,0,1,0,0,1,0,0,1,2,0,0,0,0,0,0,0,0,0,0,0,0,1,0,0,0,0,0,46,27,19,8,8,7,10,8,9,0,8,0,0,6,5,0,0,9,0,0,10,8,0,0,10,0,0,8,0,0,0,0,0,1,1,1,1,1,1,1,1,1,0,1,0,0,1,1,0,0,1,0,0,1,1,0,0,1,0,0,1,0,0,0,0,11,1/1
0,0,0,0,0,0,0,0,0,0,0,0,0,0,0,0,0,0,0,0,0,0,0,0,0,0,0,0,0,0,0,0,0,0,0,0,1,0,0,0,0,0,0,0,0,0,0,0,0,0,0,0,0,0,0,0,0,0,0,0,0,0,0,0,0,0,0,0,0,0,0,0,0,0,0,0,0,0,0,0,0,0,0,0,0,0,0,0,1,0,0,0,0,0,0,0,0,0,0,0,0,0,0,0,0,0,0,2,2,0,0,0,0,4,3,0,0,1,0,0,0,1,0,0,0,0,0,2,0,0,0,0,0,3,3,1,3,0,2,0,1,0,0,1,0,0,1,2,0,0,0,0,0,0,0,0,0,0,0,0,1,0,0,0,0,0,46,27,18,8,8,6,10,7,8,0,8,0,0,5,5,0,0,9,0,0,10,8,0,0,10,0,0,7,0,0,0,0,0,1,1,1,1,1,1,1,1,1,0,1,0,0,1,1,0,0,1,0,0,1,1,0,0,1,0,0,1,0,0,0,0,12,1/0
0,0,0,0,0,0,0,0,0,0,0,0,0,0,0,0,0,0,0,0,0,0,2,0,0,0,0,0,0,0,0,0,0,0,0,0,1,0,0,0,0,0,0,0,0,0,0,0,0,0,0,0,0,0,0,0,0,0,0,0,0,0,0,0,0,0,0,0,0,1,0,0,1,0,0,0,0,0,0,0,0,0,0,0,0,0,0,0,0,0,0,0,0,0,0,0,0,0,0,0,0,0,0,0,0,0,0,2,1,0,0,0,0,4,3,0,0,1,0,0,0,1,0,0,0,0,0,2,0,0,0,0,0,2,3,1,3,0,2,0,1,1,0,1,0,0,1,2,0,0,0,0,0,0,0,0,0,0,0,0,1,0,0,0,0,0,46,27,16,8,8,5,10,7,7,0,8,0,0,5,5,0,0,9,0,0,10,7,0,0,10,0,0,7,0,0,0,0,0,1,1,1,1,1,1,1,1,1,0,1,0,0,1,1,0,0,1,0,0,1,1,0,0,1,0,0,1,0,0,0,0,13,1/1
0,0,0,0,0,0,0,0,0,0,0,0,0,0,0,0,0,0,0,0,0,0,0,0,0,0,0,0,0,0,0,0,0,0,0,0,1,0,0,0,0,0,0,0,0,0,0,0,0,0,0,0,0,0,0,0,0,0,0,0,0,0,0,0,0,0,0,0,0,1,0,0,1,0,0,0,0,0,0,0,0,0,0,0,0,0,0,0,2,0,0,0,0,0,0,0,0,0,0,0,0,0,0,0,0,0,0,2,1,0,0,0,0,4,3,0,0,1,0,0,0,1,0,0,0,0,0,2,0,0,0,0,0,2,3,1,3,0,2,0,1,1,0,1,0,0,1,2,0,0,0,0,0,0,0,0,0,0,0,0,1,0,0,0,0,0,46,27,16,8,8,5,10,7,7,0,8,0,0,5,5,0,0,9,0,0,10,7,0,0,10,0,0,7,0,0,0,0,0,1,1,1,1,1,1,1,1,1,0,1,0,0,1,1,0,0,1,0,0,1,1,0,0,1,0,0,1,0,0,0,0,13,1/0
0,0,0,0,0,0,0,0,0,0,0,0,0,0,0,0,0,0,0,0,0,0,0,0,0,0,0,0,0,0,0,0,0,0,0,0,2,0,0,1,0,0,0,0,0,0,0,0,0,0,0,0,0,0,0,0,0,0,0,0,0,0,0,0,0,0,0,0,0,0,0,0,1,0,0,0,0,0,0,0,1,0,0,0,0,0,0,0,0,0,0,0,0,0,1,0,0,0,0,0,0,0,0,0,0,0,0,2,1,0,0,0,0,4,3,0,0,1,0,0,0,2,0,0,0,0,0,2,0,0,0,0,0,1,3,1,3,0,3,0,1,1,0,1,0,0,1,2,0,0,0,0,0,0,0,0,0,0,0,0,1,0,0,0,0,0,46,27,16,8,8,3,10,7,7,0,8,0,0,4,5,0,0,9,0,0,10,6,0,0,10,0,0,6,0,0,0,0,0,1,1,1,1,1,1,1,1,1,0,1,0,0,1,1,0,0,1,0,0,1,1,0,0,1,0,0,1,0,0,0,0,14,1/0
0,0,0,0,1,0,0,0,0,0,0,0,0,0,0,0,0,0,0,0,0,0,0,0,0,0,0,0,0,0,0,0,0,0,0,0,0,0,0,3,0,0,0,0,0,0,0,0,0,0,0,0,0,0,0,1,0,0,0,0,0,0,0,0,0,0,0,0,0,0,0,0,2,0,0,0,0,0,0,0,0,0,0,0,0,0,0,0,0,0,0,0,0,0,0,0,0,0,0,0,0,0,0,0,0,0,0,2,1,0,0,0,0,5,3,0,0,1,0,0,0,1,0,0,0,0,0,3,0,0,0,0,0,0,3,1,3,1,3,0,1,1,0,1,0,0,1,2,0,0,0,0,0,0,1,0,0,0,0,0,1,0,0,0,0,0,46,27,16,7,7,0,10,7,7,0,8,0,0,4,5,0,0,9,0,0,10,5,0,0,10,0,0,6,0,0,0,0,0,1,1,1,1,1,1,1,1,1,0,1,0,0,1,1,0,0,1,0,0,1,1,0,0,1,0,0,1,0,0,0,0,15,1/1
0,5,0,0,1,0,0,0,0,0,0,1,0,0,0,0,0,0,0,0,1,0,0,0,0,0,0,0,0,0,0,0,0,0,1,1,0,2,0,0,0,0,0,0,0,0,0,0,0,0,0,0,0,0,0,0,0,0,0,0,0,0,0,0,0,0,0,0,0,0,0,0,0,0,0,0,0,0,0,0,0,0,0,0,0,0,0,0,0,0,0,0,0,0,0,0,0,0,0,0,0,0,0,0,0,0,0,0,0,0,0,0,0,0,0,0,0,1,0,0,0,0,0,0,0,0,0,0,0,0,0,0,0,6,1,0,3,0,0,0,0,0,0,1,0,0,0,0,0,0,0,0,2,0,1,0,0,0,0,0,0,0,0,0,0,0,46,28,20,8,8,8,10,0,0,0,8,0,0,10,10,0,0,9,10,7,0,9,0,10,10,0,0,10,0,0,0,0,0,1,1,1,1,1,1,1,0,0,0,1,0,0,1,1,0,0,1,1,1,0,1,0,1,1,0,0,1,0,0,0,0,5,1/1
0,3,0,0,1,0,0,0,0,0,0,1,0,0,1,1,0,0,0,0,0,0,0,0,0,0,0,0,0,0,0,0,0,0,2,1,0,0,0,0,0,0,0,0,0,0,0,0,0,0,0,0,0,0,0,0,0,0,0,0,0,0,0,0,0,0,0,0,0,0,2,0,0,0,0,0,0,0,0,0,0,0,0,0,0,0,0,0,0,0,0,0,0,0,0,0,0,0,0,0,0,0,0,0,0,0,0,0,0,0,0,0,0,0,1,0,0,1,0,1,0,1,0,0,0,0,0,0,0,0,0,0,0,4,2,1,3,0,0,0,0,0,0,1,0,0,0,1,0,0,0,0,2,0,2,0,0,0,0,0,0,0,0,0,0,0,46,27,19,8,8,8,10,0,0,0,8,0,0,9,7,0,0,9,10,7,0,7,0,10,10,0,0,10,0,0,0,0,0,1,1,1,1,1,1,1,0,0,0,1,0,0,1,1,0,0,1,1,1,0,1,0,1,1,0,0,1,0,0,0,0,8,1/1
0,4,1,0,3,0,0,0,0,0,0,0,0,0,1,2,0,0,0,0,1,0,0,0,0,0,0,0,1,0,0,0,0,0,0,0,0,0,0,0,0,0,0,0,0,0,0,0,0,0,0,0,0,0,0,0,0,0,0,0,0,0,0,0,0,0,0,0,0,0,0,0,0,0,0,0,0,0,0,0,0,0,0,0,0,0,0,0,0,0,0,0,0,0,0,0,0,0,0,0,0,0,0,0,0,0,0,0,0,0,1,0,0,1,0,0,0,1,0,0,0,1,0,0,0,0,0,0,0,0,0,0,0,4,2,2,3,0,0,0,0,0,0,1,0,0,0,1,0,0,0,0,2,0,2,0,0,0,0,0,0,0,0,0,0,0,46,27,18,8,8,8,10,0,0,0,8,0,0,8,7,0,0,9,10,7,0,7,0,10,10,0,0,9,0,0,0,0,0,1,1,1,1,1,1,1,0,0,0,1,0,0,1,1,0,0,1,1,1,0,1,0,1,1,0,0,1,0,0,0,0,9,1/1
0,0,0,0,0,0,0,0,0,0,0,0,0,0,0,1,0,0,0,0,0,0,0,0,0,0,0,0,0,0,0,0,0,0,2,1,0,1,0,0,0,0,0,0,0,0,0,0,0,0,0,0,0,0,0,0,0,0,0,0,0,0,0,0,0,0,0,2,0,0,2,0,0,0,0,0,0,1,0,0,0,0,0,0,0,0,0,0,0,0,0,0,0,0,0,0,0,0,0,0,0,0,0,0,0,0,0,0,0,0,0,0,0,2,2,0,0,1,0,1,0,1,0,0,0,0,0,1,0,0,0,0,0,3,2,3,3,0,0,0,0,0,0,1,0,0,0,1,0,0,0,0,2,0,2,0,0,0,0,0,0,0,0,0,0,0,46,27,17,8,8,8,10,0,0,0,8,0,0,8,6,0,0,9,10,7,0,7,0,10,10,0,0,9,0,0,0,0,0,1,1,1,1,1,1,1,0,0,0,1,0,0,1,1,0,0,1,1,1,0,1,0,1,1,0,0,1,0,0,0,0,10,1/1
0,0,0,0,0,0,0,0,0,0,0,0,0,0,0,0,0,0,0,0,0,0,0,0,0,0,0,0,0,0,0,0,0,0,0,0,0,2,0,0,0,0,0,0,0,0,0,0,0,0,0,0,0,0,0,0,0,0,0,0,0,0,0,0,0,0,0,0,1,0,1,0,1,0,0,0,0,0,0,0,1,4,0,0,0,0,1,0,1,0,1,0,0,0,1,0,0,0,0,0,0,0,0,0,0,0,0,0,0,0,1,0,0,2,1,0,0,1,0,0,0,0,0,0,0,0,0,0,0,0,0,0,0,2,2,3,3,0,1,0,0,0,0,1,0,0,1,2,0,0,0,0,2,0,2,0,0,1,0,0,0,0,0,0,0,0,46,27,17,8,8,6,10,0,0,0,8,0,0,6,3,0,0,9,9,7,0,7,0,9,9,0,0,9,0,0,0,0,0,1,1,1,1,1,1,1,0,0,0,1,0,0,1,1,0,0,1,1,1,0,1,0,1,1,0,0,1,0,0,0,0,13,1/0
0,0,0,0,1,0,0,0,0,0,0,0,0,0,0,0,0,0,0,0,0,0,0,0,0,0,0,0,0,0,0,0,0,0,0,1,2,1,0,1,0,0,0,0,0,0,0,0,0,0,0,0,0,0,0,0,0,1,0,0,0,0,0,0,0,0,0,0,0,0,1,0,1,0,0,0,0,1,0,0,0,0,0,0,0,0,0,0,0,0,0,0,0,0,0,0,0,0,0,0,0,0,0,0,0,0,0,0,0,0,0,0,0,3,5,0,0,1,0,1,0,2,0,0,0,0,0,1,0,0,0,0,0,2,2,1,4,0,3,0,0,0,0,1,0,0,1,2,0,0,0,0,2,0,2,0,0,1,0,0,0,0,0,0,0,0,46,27,15,7,8,3,10,0,0,0,8,0,0,6,3,0,0,9,9,7,0,6,0,9,9,0,0,9,0,0,0,0,0,1,1,1,1,1,1,1,0,0,0,1,0,0,1,1,0,0,1,1,1,0,1,0,1,1,0,0,1,0,0,0,0,15,1/1
0,0,0,0,1,0,0,0,0,0,0,0,0,0,0,0,0,0,0,0,0,0,0,0,0,0,0,0,0,0,0,0,0,0,0,1,2,0,0,1,0,0,0,0,1,0,0,0,0,0,0,0,0,0,0,0,0,0,0,0,0,0,0,0,0,0,0,0,0,0,2,2,2,0,0,0,0,0,0,0,0,0,0,0,0,0,0,0,0,0,0,0,0,0,0,0,0,0,0,0,0,0,0,0,0,0,0,0,0,0,0,0,0,3,5,0,0,1,0,1,0,2,0,1,0,0,0,1,0,0,0,0,0,1,2,1,4,1,3,0,0,0,0,1,0,0,1,2,0,0,0,0,2,0,2,0,0,1,0,0,0,0,0,0,0,0,46,27,15,7,5,2,10,0,0,0,8,0,0,6,3,0,0,9,8,7,0,6,0,9,9,0,0,9,0,0,0,0,0,1,1,1,1,1,1,1,0,0,0,1,0,0,1,1,0,0,1,1,1,0,1,0,1,1,0,0,1,0,0,0,0,16,1/1
0,6,3,1,3,2,1,2,0,0,0,0,0,0,1,0,0,0,0,1,0,0,0,0,0,0,0,2,0,0,0,0,0,0,1,0,0,0,0,0,2,0,0,0,0,0,0,0,0,0,0,0,0,0,0,0,0,0,0,0,0,0,0,0,0,0,0,0,0,0,0,0,0,1,0,0,0,0,0,0,0,0,0,0,0,0,0,0,0,0,0,0,0,0,0,0,0,0,0,0,0,0,0,0,0,0,0,0,0,0,0,0,0,1,0,0,0,1,0,0,0,0,0,0,0,0,0,0,0,0,0,0,0,7,4,5,3,0,3,5,0,0,0,0,0,0,0,0,0,0,0,0,0,0,0,0,0,0,0,2,0,0,0,0,0,0,46,23,14,8,6,4,0,10,0,10,0,0,0,8,0,10,0,9,7,0,10,0,0,0,0,0,6,10,0,0,10,0,0,1,1,1,1,1,1,1,1,0,1,0,0,0,1,0,1,0,1,1,0,1,0,0,0,0,0,1,1,0,0,1,0,15,1/0
0,6,3,1,3,2,1,2,0,0,0,0,0,0,1,0,0,0,0,1,0,0,0,0,0,0,0,2,0,0,0,0,0,0,1,0,0,0,0,0,2,0,0,0,0,0,0,0,0,0,0,0,0,0,0,0,0,0,0,0,0,0,0,0,0,0,0,0,0,0,0,0,0,1,0,0,0,0,0,0,0,0,0,0,0,0,0,0,0,0,0,0,0,0,0,0,0,0,0,0,0,0,0,0,0,0,0,0,0,0,0,0,0,1,0,0,0,1,0,0,0,0,0,0,0,0,0,0,0,0,0,0,0,7,4,5,3,0,3,5,0,0,0,0,0,0,0,0,0,0,0,0,0,0,0,0,0,0,0,2,0,0,0,0,0,0,46,23,14,8,6,4,0,10,0,10,0,0,0,8,0,10,0,9,7,0,10,0,0,0,0,0,6,10,0,0,10,0,0,1,1,1,1,1,1,1,1,0,1,0,0,0,1,0,1,0,1,1,0,1,0,0,0,0,0,1,1,0,0,1,0,15,1/0
0,3,0,0,2,0,0,0,0,1,0,1,0,0,0,0,0,0,0,0,0,0,0,0,0,0,0,0,0,0,0,0,0,0,3,0,0,1,0,0,0,0,0,0,0,0,0,0,0,0,0,0,0,0,0,0,0,0,0,0,0,0,0,0,0,0,0,0,0,0,0,0,0,0,0,0,0,0,0,0,0,0,0,0,0,0,0,0,0,0,0,0,0,0,0,0,0,0,0,0,0,0,0,0,0,0,0,0,0,0,0,0,0,0,0,0,0,1,0,0,0,0,0,0,0,0,0,0,0,1,0,0,0,6,2,0,3,0,0,0,0,0,0,1,0,0,0,0,0,0,0,0,1,0,0,0,0,0,0,0,0,0,0,0,0,0,46,28,20,8,8,8,10,0,9,0,8,0,0,10,0,0,0,9,0,9,10,0,0,0,10,0,0,10,0,9,10,0,0,1,1,1,1,1,1,1,0,1,0,1,0,0,1,0,0,0,1,0,1,1,0,0,0,1,0,0,1,0,1,1,0,5,1/1
0,5,0,0,3,0,0,0,0,0,0,0,0,0,0,0,0,0,0,0,0,0,0,0,0,0,0,0,0,0,1,0,0,0,0,0,0,0,0,0,0,0,1,0,0,0,0,0,0,0,0,0,0,0,0,0,0,0,0,0,0,0,0,0,0,0,0,0,0,0,0,0,0,0,0,0,0,0,0,0,0,0,0,0,0,0,0,0,0,0,0,0,0,0,0,0,0,0,0,0,0,0,0,0,0,0,0,0,0,0,1,0,0,0,0,0,0,1,0,1,0,0,0,0,0,0,0,0,0,0,0,0,0,6,2,1,3,0,0,0,0,0,0,1,0,0,0,0,0,0,0,0,1,0,0,0,0,0,0,0,0,0,0,0,0,0,46,28,19,8,8,8,10,0,9,0,8,0,0,10,0,0,0,9,0,8,10,0,0,0,10,0,0,10,0,9,10,0,0,1,1,1,1,1,1,1,0,1,0,1,0,0,1,0,0,0,1,0,1,1,0,0,0,1,0,0,1,0,1,1,0,6,1/1
0,3,0,0,1,0,0,0,0,1,0,1,0,0,0,0,0,0,0,0,2,0,0,0,0,0,0,0,0,0,1,0,0,0,2,0,0,2,0,0,0,0,0,0,0,0,0,0,0,0,0,0,0,0,0,0,0,0,0,0,0,0,0,0,0,0,0,0,0,0,0,0,0,0,0,0,0,0,0,0,0,0,0,0,0,0,0,0,0,0,0,0,0,0,0,0,0,0,0,0,0,0,0,0,0,0,0,0,0,0,0,0,0,0,0,0,0,1,0,0,0,0,0,0,0,0,0,0,0,0,0,0,0,5,2,2,3,0,0,0,0,0,0,1,0,0,0,0,0,0,0,0,1,0,0,0,0,0,0,0,0,0,0,0,0,0,46,28,18,8,8,8,10,0,9,0,8,0,0,10,0,0,0,9,0,7,10,0,0,0,10,0,0,10,0,9,10,0,0,1,1,1,1,1,1,1,0,1,0,1,0,0,1,0,0,0,1,0,1,1,0,0,0,1,0,0,1,0,1,1,0,7,1/0
0,5,0,0,1,0,0,0,0,1,0,0,0,0,2,0,0,0,0,0,0,0,0,0,0,0,0,0,0,0,1,0,0,0,0,0,0,1,0,0,0,0,0,0,1,0,0,0,0,0,0,0,0,0,0,0,0,0,0,0,0,0,0,0,0,0,0,0,0,0,0,0,0,0,0,0,0,0,0,0,0,0,0,0,0,0,0,0,0,0,0,0,0,0,0,0,0,0,0,0,0,0,0,0,0,0,0,0,0,0,0,0,0,0,0,0,0,1,0,2,0,0,0,0,0,0,0,0,0,1,0,0,0,5,2,2,3,0,0,0,0,0,0,1,0,0,0,0,0,0,0,0,2,0,0,0,0,0,0,0,0,0,2,0,0,0,46,28,18,8,8,8,10,0,9,0,8,0,0,8,0,0,0,9,0,6,10,0,0,0,10,0,0,10,0,6,10,0,0,1,1,1,1,1,1,1,0,1,0,1,0,0,1,0,0,0,1,0,1,1,0,0,0,1,0,0,1,0,1,1,0,9,1/1
0,1,0,0,0,0,0,0,0,1,0,1,0,0,2,0,0,0,0,0,1,0,0,0,0,0,0,0,0,0,1,0,0,0,4,0,0,2,0,0,0,0,0,0,0,0,0,0,0,0,0,0,0,0,0,0,0,0,0,0,0,0,0,0,0,0,0,0,0,0,0,0,0,0,0,0,0,0,0,0,0,0,0,0,0,0,0,0,0,0,0,0,0,0,0,0,0,0,0,0,0,0,0,0,0,0,0,0,0,0,0,0,0,0,0,0,0,1,0,1,1,0,0,0,0,0,0,0,0,1,0,0,0,4,2,2,3,0,0,0,0,0,0,1,0,0,1,0,0,0,0,0,2,0,0,0,0,0,0,0,0,0,3,0,0,0,46,28,18,8,8,8,10,0,9,0,8,0,0,7,0,0,0,9,0,6,9,0,0,0,10,0,0,10,0,5,10,0,0,1,1,1,1,1,1,1,0,1,0,1,0,0,1,0,0,0,1,0,1,1,0,0,0,1,0,0,1,0,1,1,0,10,1/1
0,0,0,0,2,0,0,0,0,0,0,1,0,0,1,0,0,0,0,0,0,1,0,0,0,0,0,0,0,0,0,0,0,0,4,0,0,0,0,0,0,0,1,0,0,0,0,0,0,0,0,0,0,0,0,0,0,0,0,0,0,0,0,0,0,0,0,0,0,0,0,0,0,0,0,0,0,0,0,0,0,0,0,0,0,0,0,0,0,0,0,0,0,0,0,0,0,0,0,0,0,0,0,0,0,0,0,0,0,0,0,0,0,1,0,0,0,1,0,3,2,0,0,0,0,0,0,0,0,3,0,0,0,4,2,2,3,0,0,0,0,0,0,1,0,0,1,0,0,0,0,0,4,1,0,0,0,0,0,0,1,0,4,0,0,0,46,28,18,8,8,8,10,0,9,0,8,0,0,7,0,0,0,9,0,3,6,0,0,0,10,0,0,9,0,3,10,0,0,1,1,1,1,1,1,1,0,1,0,1,0,0,1,0,0,0,1,0,1,1,0,0,0,1,0,0,1,0,1,1,0,13,1/1
0,0,0,0,0,0,0,0,0,0,0,0,0,0,0,0,0,0,0,0,0,0,0,0,0,0,0,0,0,0,0,0,0,0,4,0,0,0,0,0,0,0,1,0,0,0,0,0,0,0,0,0,0,0,0,0,0,0,0,0,0,0,0,0,0,0,0,0,0,0,2,0,0,0,0,0,0,1,0,0,1,0,0,0,0,0,0,1,0,0,0,0,0,0,0,0,0,0,0,0,0,0,0,0,0,0,0,0,0,0,0,0,0,1,0,0,0,1,0,3,2,0,0,0,0,0,0,0,0,3,0,0,0,4,2,2,3,0,0,0,0,0,0,1,0,0,1,0,0,0,0,0,4,1,0,0,0,0,0,0,1,0,4,0,0,0,46,28,18,8,8,8,10,0,9,0,8,0,0,7,0,0,0,9,0,3,6,0,0,0,10,0,0,9,0,3,10,0,0,1,1,1,1,1,1,1,0,1,0,1,0,0,1,0,0,0,1,0,1,1,0,0,0,1,0,0,1,0,1,1,0,13,1/0
0,3,0,0,1,0,0,0,0,1,0,1,0,0,1,0,0,0,0,0,3,4,0,0,0,0,0,0,0,0,1,0,0,0,1,0,0,1,0,0,0,0,0,0,0,0,0,0,0,0,0,0,0,0,0,0,0,0,0,0,0,0,0,0,0,0,0,0,0,0,0,0,0,0,0,0,0,0,0,0,1,0,0,0,0,0,0,0,0,0,0,0,0,0,0,0,1,0,0,0,0,0,0,0,0,0,0,0,0,0,0,0,0,1,0,0,0,1,0,1,0,0,0,0,0,0,0,0,0,1,0,0,0,3,2,2,3,0,0,0,0,0,0,1,0,0,1,0,0,0,0,0,5,1,0,0,0,0,0,0,1,0,4,0,0,0,46,28,18,8,8,8,10,0,9,0,8,0,0,6,0,0,0,9,0,1,5,0,0,0,10,0,0,9,0,3,10,0,0,1,1,1,1,1,1,1,0,1,0,1,0,0,1,0,0,0,1,0,1,1,0,0,0,1,0,0,1,0,1,1,0,14,1/1
0,0,0,0,2,0,0,0,0,1,0,0,0,0,0,0,0,0,0,0,2,1,0,0,0,0,0,0,0,0,0,0,0,0,3,0,0,0,0,0,0,0,0,0,0,0,0,0,0,0,0,0,0,0,1,0,0,0,0,0,0,0,0,0,0,0,0,0,0,0,0,0,0,0,0,0,0,0,0,0,1,0,0,0,0,0,0,0,0,0,0,0,0,0,0,0,1,0,0,0,0,0,0,0,0,0,0,0,0,0,1,0,0,2,0,0,0,1,0,3,2,0,0,0,0,0,0,0,0,2,0,0,0,3,2,3,3,0,0,0,0,0,0,1,0,0,1,0,0,0,0,0,5,2,0,0,0,0,0,0,1,0,4,0,0,0,46,28,17,8,8,8,10,0,9,0,8,0,0,6,0,0,0,9,0,0,4,0,0,0,10,0,0,9,0,3,10,0,0,1,1,1,1,1,1,1,0,1,0,1,0,0,1,0,0,0,1,0,1,1,0,0,0,1,0,0,1,0,1,1,0,15,1/0
0,0,0,0,0,0,0,0,0,0,0,0,0,0,2,0,0,0,1,0,0,0,0,0,0,0,0,0,0,0,0,0,0,0,1,0,0,1,0,1,0,0,0,0,0,0,0,0,0,0,0,0,0,0,2,0,0,0,0,0,0,0,0,0,0,0,0,0,0,0,0,0,0,0,0,0,0,0,0,0,0,0,0,0,0,0,0,0,0,0,0,0,0,0,0,0,0,0,0,0,0,0,0,0,0,0,0,0,1,0,1,0,0,3,0,0,0,1,0,5,3,0,0,0,0,0,0,0,0,3,0,0,0,3,2,3,3,0,1,0,0,0,0,1,0,0,1,0,0,0,0,0,5,2,0,0,0,0,0,0,1,0,4,0,0,0,46,28,17,8,8,6,10,0,9,0,8,0,0,4,0,0,0,8,0,0,3,0,0,0,10,0,0,9,0,3,10,0,0,1,1,1,1,1,1,1,0,1,0,1,0,0,1,0,0,0,1,0,1,1,0,0,0,1,0,0,1,0,1,1,0,16,1/0
0,0,0,0,0,0,0,0,0,0,0,0,0,0,0,0,0,0,0,0,0,0,0,0,0,0,0,0,0,0,0,0,0,0,1,0,0,1,0,1,0,0,0,0,0,0,0,1,0,0,0,0,0,0,1,0,0,0,0,0,0,0,0,0,0,0,0,0,0,0,0,0,0,0,0,0,0,0,0,0,0,0,0,0,0,0,0,0,0,0,0,0,0,0,0,0,0,0,0,0,0,0,0,0,0,0,0,0,1,0,1,0,0,4,0,0,0,2,0,5,4,0,0,0,0,0,0,0,0,3,0,0,0,3,2,3,3,0,1,0,0,0,0,1,0,0,1,0,0,0,0,0,5,2,0,0,0,0,0,0,1,0,4,0,0,0,46,28,17,8,8,6,10,0,9,0,8,0,0,4,0,0,0,8,0,0,3,0,0,0,10,0,0,9,0,3,10,0,0,1,1,1,1,1,1,1,0,1,0,1,0,0,1,0,0,0,1,0,1,1,0,0,0,1,0,0,1,0,1,1,0,16,1/0
0,0,0,0,0,0,0,0,0,0,0,0,0,0,0,0,0,0,0,0,0,0,0,0,0,0,0,0,0,0,0,0,0,0,1,0,0,1,0,1,0,0,0,0,0,0,0,1,0,0,0,0,0,0,1,0,0,0,0,0,0,0,0,0,0,0,0,0,0,0,0,0,0,0,0,0,0,0,0,0,0,0,0,0,0,0,0,0,0,0,0,0,0,0,0,0,0,0,0,0,0,0,0,0,0,0,0,0,1,0,1,0,0,4,0,0,0,2,0,5,4,0,0,0,0,0,0,0,0,3,0,0,0,3,2,3,3,0,1,0,0,0,0,1,0,0,1,0,0,0,0,0,5,2,0,0,0,0,0,0,1,0,4,0,0,0,46,28,17,8,8,6,10,0,9,0,8,0,0,4,0,0,0,8,0,0,3,0,0,0,10,0,0,9,0,3,10,0,0,1,1,1,1,1,1,1,0,1,0,1,0,0,1,0,0,0,1,0,1,1,0,0,0,1,0,0,1,0,1,1,0,16,1/0
0,0,0,0,0,0,4,0,0,1,0,1,0,0,2,0,0,0,1,0,2,3,0,0,0,0,0,0,0,0,2,0,0,0,1,0,0,1,0,0,0,0,0,0,0,0,0,0,0,0,0,0,0,0,1,0,0,0,0,0,0,0,0,0,0,0,0,0,0,0,0,0,0,0,0,0,0,0,0,0,0,0,0,0,0,0,0,0,0,0,0,0,0,0,0,0,0,0,0,0,0,0,0,0,0,0,0,0,0,0,0,0,0,3,0,0,0,1,0,3,1,0,0,0,0,0,0,0,0,1,0,0,0,3,2,3,3,0,2,0,0,0,0,1,0,0,1,0,0,0,0,0,5,2,0,0,0,0,0,0,1,0,4,0,0,0,46,28,17,8,8,2,10,0,9,0,8,0,0,4,0,0,0,8,0,0,3,0,0,0,10,0,0,9,0,3,10,0,0,1,1,1,1,1,1,1,0,1,0,1,0,0,1,0,0,0,1,0,1,1,0,0,0,1,0,0,1,0,1,1,0,17,1/0
0,0,0,0,0,0,1,0,0,1,0,0,0,0,0,0,0,0,0,0,1,1,0,0,0,0,0,0,0,0,0,0,0,0,0,0,0,1,0,3,0,0,0,0,0,0,0,0,0,0,0,0,0,0,0,0,0,0,0,0,0,0,0,0,0,0,0,0,0,0,0,0,0,0,0,0,0,0,0,0,0,0,0,0,0,0,0,0,0,0,0,0,0,0,0,0,0,0,0,0,0,0,0,0,0,0,0,0,0,0,1,0,0,5,0,0,0,2,0,4,4,0,0,0,0,0,0,0,0,3,0,0,0,3,2,3,3,0,2,0,0,0,0,1,0,0,1,0,0,0,0,0,5,2,0,0,0,0,0,0,1,0,4,0,0,0,46,28,17,8,8,2,10,0,9,0,8,0,0,4,0,0,0,8,0,0,3,0,0,0,10,0,0,9,0,3,10,0,0,1,1,1,1,1,1,1,0,1,0,1,0,0,1,0,0,0,1,0,1,1,0,0,0,1,0,0,1,0,1,1,0,17,1/1
0,4,1,0,3,0,0,0,0,0,0,0,0,0,0,0,0,0,0,0,1,0,0,0,0,0,0,0,0,0,0,0,0,0,3,1,0,0,0,0,0,0,0,0,0,0,0,0,0,0,0,0,0,0,0,0,0,0,0,0,0,0,0,0,0,0,0,0,0,0,0,0,0,1,0,0,0,0,0,0,0,0,0,0,0,0,0,0,0,0,0,0,0,0,0,0,0,0,0,0,0,0,0,0,0,0,0,0,0,0,0,0,0,0,0,0,0,1,0,0,0,0,0,0,0,0,0,0,0,0,0,0,0,7,0,0,3,0,0,0,0,0,0,0,0,0,0,0,0,0,0,0,2,0,0,0,0,0,2,1,0,0,0,0,0,0,46,28,20,8,8,8,9,0,0,0,0,0,0,0,0,0,0,9,8,7,10,10,0,10,10,8,9,10,0,0,0,0,0,1,1,1,1,1,1,1,0,0,0,0,0,0,0,0,0,0,1,1,1,1,1,0,1,1,1,1,1,0,0,0,0,5,0/0
0,0,1,0,0,0,0,0,0,0,0,0,0,0,0,0,0,0,0,0,0,0,0,0,0,0,0,0,0,0,0,0,0,0,3,0,0,0,0,0,1,0,0,0,0,0,0,0,0,0,0,0,0,0,0,0,0,0,0,0,0,0,0,0,0,0,0,4,2,1,3,0,0,2,0,0,0,0,0,0,0,0,0,0,0,0,3,0,0,0,0,0,0,0,0,0,0,0,0,0,0,0,0,0,0,0,0,0,0,0,0,0,0,0,0,0,0,1,0,0,0,0,0,0,0,0,0,0,0,0,0,0,0,7,0,0,3,0,0,0,0,0,0,0,0,0,0,0,0,0,0,0,2,0,2,0,0,0,2,1,2,0,0,0,0,0,46,27,19,8,8,8,7,0,0,0,0,0,0,0,0,0,0,9,8,5,10,8,0,10,10,8,9,8,0,0,0,0,0,1,1,1,1,1,1,1,0,0,0,0,0,0,0,0,0,0,1,1,1,1,1,0,1,1,1,1,1,0,0,0,0,9,0/0
0,2,0,0,0,0,0,0,0,0,0,0,0,0,0,0,0,0,0,0,0,0,0,0,0,0,0,0,0,0,0,0,0,0,2,0,0,2,0,0,0,0,0,0,0,0,0,0,0,0,0,0,0,0,0,0,0,0,0,0,0,0,0,0,0,0,0,3,1,0,1,0,0,0,0,0,0,0,0,0,0,0,0,0,0,0,0,0,0,0,0,0,0,1,0,0,0,0,0,0,0,0,0,0,0,0,0,0,0,0,0,0,0,0,0,0,0,1,0,0,0,0,0,0,0,0,0,0,0,0,0,0,0,7,1,1,3,0,0,0,0,0,1,0,0,0,0,0,0,0,0,0,0,0,0,0,0,0,0,0,0,0,0,0,0,0,46,28,19,8,8,8,10,10,0,9,0,10,10,0,0,0,10,9,0,0,0,0,0,10,0,10,9,0,0,10,0,0,0,1,1,1,1,1,1,1,1,0,1,0,1,1,0,0,0,1,1,0,0,0,0,0,1,0,1,1,0,0,1,0,0,4,1/1
0,2,1,0,0,0,0,0,0,0,0,0,0,0,0,0,0,0,0,0,0,0,0,0,0,0,0,1,0,0,0,0,0,0,3,0,0,1,0,0,0,0,0,0,0,0,0,0,0,0,0,0,0,0,0,0,0,0,0,0,0,0,0,0,0,0,0,2,2,0,2,0,0,0,0,0,0,0,0,0,0,0,0,0,0,0,0,0,0,0,0,0,0,0,0,0,0,0,0,0,0,0,0,0,0,0,0,0,0,0,0,0,0,0,0,0,0,1,0,0,0,0,0,0,0,0,0,0,0,0,0,0,0,7,1,1,3,0,0,0,0,0,1,0,0,0,0,0,0,0,0,0,0,0,0,0,0,0,1,0,0,0,1,0,0,0,46,26,19,8,8,8,10,10,0,9,0,10,10,0,0,0,10,9,0,0,0,0,0,10,0,9,9,0,0,9,0,0,0,1,1,1,1,1,1,1,1,0,1,0,1,1,0,0,0,1,1,0,0,0,0,0,1,0,1,1,0,0,1,0,0,6,1/0
0,6,3,1,3,0,0,0,0,0,0,0,0,0,0,0,0,0,0,0,0,0,0,0,0,0,0,0,0,0,0,0,0,0,1,1,0,0,0,0,0,0,0,0,0,0,0,0,0,0,0,0,0,0,0,0,0,0,0,0,2,0,0,0,0,0,0,0,0,0,0,0,0,0,0,0,0,0,0,0,0,0,0,0,0,0,0,0,0,0,0,0,0,0,0,0,0,0,0,0,0,0,0,0,0,0,0,0,0,0,0,0,0,0,0,0,0,1,0,0,0,0,0,0,0,0,0,0,0,0,0,0,0,7,1,1,3,0,0,1,1,0,1,0,0,0,0,0,0,0,0,0,0,0,0,0,1,0,1,1,0,0,1,0,0,0,46,25,18,8,8,8,9,9,0,9,0,10,10,0,0,0,10,9,0,0,0,0,0,9,0,9,7,0,0,9,0,0,0,1,1,1,1,1,1,1,1,0,1,0,1,1,0,0,0,1,1,0,0,0,0,0,1,0,1,1,0,0,1,0,0,9,1/1
0,4,4,1,3,0,0,0,0,0,0,0,0,0,0,0,0,0,0,0,0,0,0,0,0,0,0,2,0,0,0,0,0,0,3,1,0,0,0,0,0,0,0,0,0,0,0,0,0,0,0,0,0,0,0,0,0,0,0,0,0,0,0,0,0,0,0,0,0,0,0,0,0,0,0,0,0,0,0,0,0,0,0,0,0,0,0,0,0,0,0,0,0,0,0,0,0,0,0,0,0,0,0,0,0,0,0,0,0,0,0,0,0,0,0,0,0,1,0,0,0,0,0,0,0,0,0,0,0,0,0,0,0,7,1,1,3,0,0,1,1,0,1,0,0,0,0,0,0,0,0,0,0,0,0,0,1,0,1,1,0,0,2,0,0,0,46,24,18,8,8,8,9,9,0,9,0,10,10,0,0,0,10,9,0,0,0,0,0,9,0,9,7,0,0,8,0,0,0,1,1,1,1,1,1,1,1,0,1,0,1,1,0,0,0,1,1,0,0,0,0,0,1,0,1,1,0,0,1,0,0,10,1/1
0,6,6,3,1,0,3,1,0,0,0,0,0,0,0,0,0,0,0,0,0,0,0,0,0,0,0,2,0,0,0,0,0,0,0,1,0,2,0,0,1,0,0,0,0,0,0,0,0,0,0,0,0,0,0,0,0,0,0,0,0,0,0,0,0,0,0,0,0,0,0,0,0,1,0,0,0,0,0,0,0,0,0,0,0,0,0,0,0,0,0,0,0,0,0,0,0,0,0,0,0,0,0,0,0,0,0,0,0,0,0,0,0,0,0,0,0,1,0,0,0,0,0,0,0,0,0,0,0,0,0,0,0,7,2,2,3,1,1,2,3,0,1,0,0,0,0,0,0,0,0,0,0,0,0,0,1,0,1,1,0,0,4,0,0,0,46,21,15,8,7,4,5,7,0,9,0,10,10,0,0,0,10,9,0,0,0,0,0,9,0,9,7,0,0,6,0,0,0,1,1,1,1,1,1,1,1,0,1,0,1,1,0,0,0,1,1,0,0,0,0,0,1,0,1,1,0,0,1,0,0,17,1/0
0,1,1,1,2,0,2,1,0,0,0,0,0,0,0,0,0,0,0,0,0,0,0,0,0,0,0,2,0,0,0,0,0,0,1,0,1,1,0,1,0,0,0,0,0,0,0,0,0,0,0,0,0,0,0,0,0,0,0,0,0,0,0,0,0,0,0,4,7,0,1,2,2,3,0,0,0,0,0,0,0,0,0,0,0,0,0,0,0,0,0,0,0,0,0,0,0,0,0,0,0,0,0,0,0,0,0,0,0,0,0,0,0,0,0,0,0,1,0,0,0,0,0,0,0,0,0,0,0,0,0,0,0,7,4,3,3,5,1,4,3,0,1,0,0,0,0,0,0,0,0,0,0,0,0,0,1,0,2,1,0,0,5,0,0,0,46,17,14,7,1,2,2,7,0,9,0,10,10,0,0,0,10,9,0,0,0,0,0,9,0,8,7,0,0,5,0,0,0,1,1,1,1,1,1,1,1,0,1,0,1,1,0,0,0,1,1,0,0,0,0,0,1,0,1,1,0,0,1,0,0,24,1/0
0,0,0,0,0,0,0,0,0,0,0,0,0,0,0,0,0,0,0,0,0,0,0,0,0,0,0,0,0,0,0,0,0,0,0,1,0,0,0,0,0,0,0,0,0,0,0,0,0,0,0,0,0,0,0,1,0,0,0,0,0,0,0,0,0,0,0,0,0,0,0,0,0,0,0,0,0,0,0,0,0,0,0,0,0,0,0,0,0,0,0,0,0,0,0,0,0,0,0,0,0,0,0,0,0,0,0,0,0,0,0,0,0,0,0,0,0,1,0,4,1,0,0,0,0,0,1,0,0,0,0,1,0,0,2,0,0,0,0,1,0,0,0,0,0,0,0,0,0,0,0,0,5,1,0,0,0,0,0,2,0,0,0,0,1,0,46,27,20,8,8,8,0,0,0,0,0,0,10,0,0,10,0,9,8,1,8,8,0,0,0,0,7,10,0,0,0,8,0,1,1,1,1,1,1,1,0,0,0,0,0,1,0,0,1,0,1,1,1,1,1,0,0,0,0,1,1,0,0,0,1,12,1/0
0,0,1,0,0,0,0,0,0,0,0,0,0,0,0,0,0,0,0,0,3,1,2,0,0,0,0,0,0,0,0,0,1,0,0,0,0,0,0,0,0,0,0,0,0,0,0,0,0,0,0,0,0,0,1,0,0,0,0,0,1,0,0,0,0,0,0,0,0,0,0,0,0,0,0,0,0,0,0,0,0,0,0,0,0,0,0,0,0,0,0,0,0,0,0,0,0,0,0,0,0,0,0,0,0,0,0,0,0,0,0,0,0,0,0,0,0,1,0,2,0,0,0,0,0,0,0,0,0,0,0,0,0,0,2,1,0,0,1,0,0,0,0,0,0,0,0,0,0,0,0,0,5,1,0,0,0,0,0,2,0,0,0,0,1,0,46,27,19,8,8,7,0,0,0,0,0,0,10,0,0,10,0,9,8,0,7,7,0,0,0,0,7,10,0,0,0,8,0,1,1,1,1,1,1,1,0,0,0,0,0,1,0,0,1,0,1,1,1,1,1,0,0,0,0,1,1,0,0,0,1,13,1/0
0,0,0,0,0,0,0,0,0,0,0,0,0,0,0,0,0,0,0,0,0,0,0,0,0,0,0,0,0,0,0,0,0,0,0,1,1,0,0,1,0,0,0,0,0,0,0,0,0,0,0,0,0,0,0,1,0,0,0,0,0,0,0,0,0,1,0,0,0,0,0,0,0,0,0,0,0,0,0,0,0,0,0,0,0,0,0,0,0,0,0,0,0,0,0,0,0,0,0,0,0,0,0,0,0,0,0,0,0,0,0,0,0,0,0,0,0,1,0,5,2,1,0,0,0,0,1,0,0,0,0,0,0,0,2,1,0,0,2,0,0,0,0,0,0,0,0,0,1,0,0,0,5,1,0,0,0,0,0,2,1,0,0,0,1,0,46,27,18,8,8,5,0,0,0,0,0,0,10,0,0,9,0,9,8,0,7,7,0,0,0,0,7,9,0,0,0,8,0,1,1,1,1,1,1,1,0,0,0,0,0,1,0,0,1,0,1,1,1,1,1,0,0,0,0,1,1,0,0,0,1,14,1/0
0,0,0,0,0,0,0,0,0,0,0,0,0,0,0,0,0,0,0,0,0,0,0,0,0,0,0,0,0,0,0,0,0,0,0,1,1,0,0,0,0,0,0,0,0,0,0,0,0,0,0,0,0,0,0,0,0,0,0,0,1,0,0,0,0,1,0,0,0,0,0,0,3,0,0,0,0,0,0,0,0,0,0,0,0,0,0,0,0,0,0,0,0,0,0,0,0,0,0,0,0,0,0,0,0,0,0,0,0,0,0,0,0,0,0,0,0,1,0,5,2,2,0,0,0,0,0,0,0,0,0,0,0,0,2,1,0,0,3,0,0,0,0,0,0,0,0,0,1,0,0,0,5,1,0,0,0,0,0,2,1,0,0,0,1,0,46,27,18,8,8,2,0,0,0,0,0,0,10,0,0,9,0,9,8,0,7,7,0,0,0,0,7,9,0,0,0,8,0,1,1,1,1,1,1,1,0,0,0,0,0,1,0,0,1,0,1,1,1,1,1,0,0,0,0,1,1,0,0,0,1,15,1/0
0,5,0,0,1,0,0,0,0,0,0,1,0,0,0,0,0,0,0,0,0,0,0,0,0,0,0,0,0,0,0,0,0,0,2,0,0,2,0,0,0,0,0,0,0,0,0,0,0,0,0,0,0,0,0,0,0,0,0,0,0,0,0,0,0,0,0,0,0,0,0,0,0,0,0,0,0,0,0,0,0,0,0,0,0,0,0,0,0,0,0,0,0,0,0,0,0,0,0,0,0,0,0,0,0,0,0,0,0,0,0,0,0,0,0,0,0,1,0,0,0,0,0,0,0,0,0,0,0,0,0,0,0,4,0,0,3,0,0,0,0,0,0,1,0,0,0,0,0,0,0,0,0,0,0,0,0,0,0,0,0,0,0,0,1,0,46,30,20,8,8,8,10,0,0,0,8,10,0,0,0,0,0,9,10,10,0,10,8,10,0,0,0,10,0,0,0,9,0,1,1,1,1,1,1,1,0,0,0,1,1,0,0,0,0,0,1,1,1,0,1,1,1,0,0,0,1,0,0,0,1,3,0/1
0,2,0,0,1,0,0,0,0,0,0,0,0,0,0,0,0,0,0,0,0,0,0,0,0,0,0,0,0,0,0,0,0,0,0,0,0,0,0,0,0,0,0,0,0,0,0,0,0,0,0,0,0,0,0,0,0,0,0,0,0,1,0,0,0,0,0,0,1,1,1,0,0,0,0,0,0,1,0,0,0,0,0,0,0,1,1,0,0,0,0,0,0,0,0,0,0,0,1,0,0,0,0,0,0,0,0,0,0,0,0,0,0,0,0,0,0,1,0,1,0,1,0,1,0,0,0,0,0,0,0,0,0,0,1,2,0,0,3,0,0,0,0,0,0,0,0,0,0,0,0,0,1,0,1,0,0,0,0,0,0,0,0,0,1,0,45,28,16,8,8,5,10,0,0,0,7,10,0,0,0,0,0,9,9,7,0,8,8,9,0,0,0,9,0,0,0,8,0,1,1,1,1,1,1,1,0,0,0,1,1,0,0,0,0,0,1,1,1,0,1,1,1,0,0,0,1,0,0,0,1,13,0/1
0,0,0,2,0,0,0,0,0,0,0,0,0,0,0,0,0,0,0,0,0,0,1,0,0,0,0,0,0,0,0,0,0,0,0,0,0,1,0,0,0,0,0,0,0,0,0,0,0,0,0,0,0,0,0,0,1,1,0,0,0,0,0,0,0,0,0,0,2,2,1,0,0,0,0,0,0,1,0,0,0,0,0,0,0,0,2,0,0,1,0,0,0,0,1,0,0,0,1,0,0,0,0,0,0,0,0,0,0,0,0,0,0,0,0,0,0,1,0,1,0,0,0,0,0,0,0,0,0,0,0,0,0,0,1,2,0,0,5,0,0,0,0,0,0,0,0,0,0,0,0,0,3,0,1,0,0,0,0,0,0,0,0,0,1,0,45,27,12,8,8,3,10,0,0,0,7,10,0,0,0,0,0,9,9,4,0,8,6,9,0,0,0,9,0,0,0,8,0,1,1,1,1,1,1,1,0,0,0,1,1,0,0,0,0,0,1,1,1,0,1,1,1,0,0,0,1,0,0,0,1,18,0/1
0,0,1,2,1,0,0,0,0,0,0,1,0,0,0,0,0,0,0,0,1,0,0,0,1,0,0,0,1,0,0,0,0,0,0,1,0,1,0,0,0,0,0,0,0,0,0,0,0,0,0,0,0,0,0,0,0,0,0,0,0,0,0,0,0,0,0,0,0,2,0,0,1,0,0,0,0,0,0,0,0,0,0,0,0,0,1,0,0,2,0,0,0,0,0,0,0,0,1,0,0,0,0,0,0,0,0,0,0,0,0,0,0,0,0,0,0,1,0,1,0,1,0,0,0,0,0,0,0,0,0,0,0,0,2,2,0,0,5,0,0,0,0,0,0,0,0,0,0,0,0,0,4,0,2,0,0,0,0,0,0,0,0,0,1,0,45,26,12,8,8,2,10,0,0,0,7,10,0,0,0,0,0,9,9,3,0,7,6,9,0,0,0,9,0,0,0,8,0,1,1,1,1,1,1,1,0,0,0,1,1,0,0,0,0,0,1,1,1,0,1,1,1,0,0,0,1,0,0,0,1,20,0/1
0,0,1,1,0,0,0,0,0,0,0,0,0,0,0,0,0,0,0,0,1,0,1,1,0,0,0,0,0,0,0,0,0,0,0,0,1,0,0,1,0,0,0,0,0,0,0,0,0,0,0,0,0,0,0,0,1,0,0,0,0,0,0,0,0,1,0,0,1,3,2,2,0,0,0,0,0,1,0,0,0,0,0,0,0,0,2,0,0,0,1,0,0,0,0,0,0,0,0,0,0,0,0,0,0,0,0,0,0,0,0,0,0,0,0,0,0,1,0,0,0,0,0,0,0,0,0,1,0,0,0,0,0,0,2,2,0,2,6,0,0,0,0,0,0,0,0,0,0,0,0,0,4,0,3,0,0,0,0,0,0,0,0,0,1,0,45,26,11,8,4,1,10,0,0,0,7,10,0,0,0,0,0,9,9,3,0,6,6,9,0,0,0,9,0,0,0,8,0,1,1,1,1,1,1,1,0,0,0,1,1,0,0,0,0,0,1,1,1,0,1,1,1,0,0,0,1,0,0,0,1,23,0/0
0,0,1,3,2,2,0,0,0,0,0,1,0,0,0,0,0,0,0,0,1,0,0,2,0,0,0,0,0,0,0,0,1,0,0,0,1,0,1,0,0,0,0,0,0,0,0,0,0,0,0,0,0,0,0,0,0,1,0,0,0,0,0,0,0,0,0,0,1,1,1,1,1,0,0,0,0,0,0,0,0,0,0,0,0,0,1,0,1,0,0,0,0,0,1,0,0,0,0,0,0,0,0,0,0,0,0,0,0,0,0,0,0,0,0,0,0,1,0,1,0,0,0,0,0,0,0,0,0,0,0,0,0,0,2,2,0,3,6,0,0,0,0,0,0,0,0,0,0,0,0,0,4,0,5,0,0,0,0,0,0,0,0,0,1,0,45,26,11,7,1,1,10,0,0,0,7,10,0,0,0,0,0,9,9,3,0,4,6,9,0,0,0,9,0,0,0,8,0,1,1,1,1,1,1,1,0,0,0,1,1,0,0,0,0,0,1,1,1,0,1,1,1,0,0,0,1,0,0,0,1,25,0/0
0,5,2,0,1,0,0,0,0,0,0,0,0,0,0,0,0,0,0,0,1,0,0,0,0,0,0,0,0,0,0,0,0,0,2,0,0,2,0,0,0,0,0,0,0,0,0,0,0,0,0,0,0,0,0,0,0,0,0,0,0,0,0,0,0,0,0,0,0,0,0,0,0,0,0,0,0,0,0,0,0,0,0,0,0,0,0,0,0,0,0,0,0,0,0,0,0,0,0,0,0,0,0,0,0,0,0,0,0,0,0,0,0,0,0,0,0,1,0,0,0,0,0,0,0,0,0,0,0,0,0,0,0,7,2,1,3,0,0,0,0,0,1,0,0,0,0,0,0,0,0,0,0,0,0,0,0,0,0,0,0,0,0,0,0,0,46,26,19,8,8,8,10,10,0,9,0,0,10,10,0,0,0,9,9,9,10,0,8,0,0,10,0,0,0,0,0,0,0,1,1,1,1,1,1,1,1,0,1,0,0,1,1,0,0,0,1,1,1,1,0,1,0,0,1,0,0,0,0,0,0,5,1/1
0,3,1,0,1,0,0,0,0,0,0,0,0,0,0,0,0,0,0,0,0,0,0,0,0,0,0,0,0,0,0,0,0,0,1,1,0,1,0,0,0,0,0,0,0,0,0,0,0,0,0,0,0,0,0,0,0,0,0,0,0,0,0,0,0,0,0,3,1,0,1,0,0,0,0,0,0,0,0,0,1,0,0,0,0,0,0,0,0,0,0,0,0,0,0,0,0,0,0,0,0,0,0,0,0,0,0,0,0,0,0,0,0,0,0,0,0,1,0,1,0,0,0,0,0,0,0,0,0,0,0,0,0,7,2,1,3,0,1,0,0,0,1,0,0,0,1,0,0,0,0,0,0,0,0,0,0,0,0,0,0,0,0,0,0,0,46,25,19,8,8,7,10,10,0,9,0,0,10,8,0,0,0,9,9,9,10,0,8,0,0,10,0,0,0,0,0,0,0,1,1,1,1,1,1,1,1,0,1,0,0,1,1,0,0,0,1,1,1,1,0,1,0,0,1,0,0,0,0,0,0,7,1/1
0,5,3,0,3,0,0,0,1,0,0,0,0,0,0,0,0,0,0,0,1,0,0,0,0,0,0,0,0,0,0,0,0,0,2,0,0,0,0,0,0,0,0,0,0,0,0,0,0,0,0,0,0,0,0,0,0,0,0,1,0,0,0,0,0,0,0,0,0,0,0,0,0,0,0,0,0,0,0,0,0,0,0,0,0,0,0,0,0,0,0,0,0,0,0,0,0,0,0,0,0,0,0,0,0,0,0,0,0,0,0,0,0,1,0,0,0,1,0,0,0,0,0,0,0,0,0,0,0,0,0,0,0,7,2,2,3,0,1,0,0,0,1,0,0,0,1,0,0,0,0,0,0,0,0,0,0,0,0,0,0,0,0,0,0,0,46,25,18,8,8,7,10,9,0,9,0,0,10,8,0,0,0,9,9,9,10,0,8,0,0,9,0,0,0,0,0,0,0,1,1,1,1,1,1,1,1,0,1,0,0,1,1,0,0,0,1,1,1,1,0,1,0,0,1,0,0,0,0,0,0,8,1/1
0,0,0,0,0,0,0,0,0,0,0,0,0,0,0,0,0,0,0,0,0,0,0,0,0,0,0,0,0,0,0,0,0,0,2,0,0,0,0,0,0,0,0,0,0,0,0,0,0,0,0,0,0,0,0,0,0,0,0,1,0,0,0,0,0,0,0,5,3,0,3,0,0,0,1,0,0,0,0,0,0,0,0,0,0,0,1,0,0,0,0,0,0,0,0,0,0,0,0,0,0,0,0,0,0,0,0,0,0,0,0,0,0,1,0,0,0,1,0,0,0,0,0,0,0,0,0,0,0,0,0,0,0,7,2,2,3,0,1,0,0,0,1,0,0,0,1,0,0,0,0,0,0,0,0,0,0,0,0,0,0,0,0,0,0,0,46,25,18,8,8,7,10,9,0,9,0,0,10,8,0,0,0,9,9,9,10,0,8,0,0,9,0,0,0,0,0,0,0,1,1,1,1,1,1,1,1,0,1,0,0,1,1,0,0,0,1,1,1,1,0,1,0,0,1,0,0,0,0,0,0,8,1/0
0,6,2,0,2,0,0,0,1,0,0,0,0,0,1,0,0,0,0,0,1,1,0,0,0,0,0,0,0,0,0,0,0,0,1,1,0,1,0,0,0,0,0,0,0,0,0,0,0,0,0,0,0,0,0,0,0,0,0,1,0,0,0,0,0,0,0,0,0,0,0,0,0,0,0,0,0,0,0,0,0,0,0,0,0,0,0,0,0,0,0,0,0,0,0,0,0,0,0,0,0,0,0,0,0,0,0,0,0,0,0,0,0,0,0,0,0,1,0,0,0,0,0,0,0,0,0,0,0,0,0,0,0,7,2,2,3,0,1,0,0,0,1,0,0,0,2,0,0,0,0,0,0,0,0,0,0,0,0,0,0,0,0,0,0,0,46,25,18,8,8,7,10,9,0,9,0,0,10,7,0,0,0,9,9,9,9,0,8,0,0,9,0,0,0,0,0,0,0,1,1,1,1,1,1,1,1,0,1,0,0,1,1,0,0,0,1,1,1,1,0,1,0,0,1,0,0,0,0,0,0,9,1/1
0,5,0,0,1,0,0,0,0,0,0,0,0,0,0,0,0,0,0,0,1,1,0,0,0,0,1,0,0,0,0,0,0,0,2,1,0,1,0,0,0,0,0,0,0,0,0,0,0,0,0,0,0,0,0,0,0,0,0,0,0,0,0,0,0,0,0,0,2,0,1,0,0,0,0,0,1,0,0,0,2,0,0,0,0,0,1,0,0,0,0,0,0,0,0,0,0,0,0,0,0,0,0,0,0,0,0,1,0,0,0,0,0,0,0,0,0,1,0,0,0,0,0,0,0,0,0,0,0,0,0,0,0,7,2,3,3,0,1,0,0,0,2,0,0,0,2,0,0,0,0,0,0,0,0,0,0,0,0,0,0,0,0,0,0,0,46,25,17,8,8,7,10,9,0,7,0,0,10,6,0,0,0,9,9,8,9,0,8,0,0,9,0,0,0,0,0,0,0,1,1,1,1,1,1,1,1,0,1,0,0,1,1,0,0,0,1,1,1,1,0,1,0,0,1,0,0,0,0,0,0,11,1/0
0,4,0,0,1,0,0,0,0,0,0,0,0,0,0,0,0,0,0,0,2,1,0,0,0,0,1,0,0,0,0,0,0,0,3,3,0,2,0,0,0,0,0,0,0,0,0,0,0,0,0,0,0,0,0,0,0,0,0,0,0,0,0,0,0,0,0,0,0,0,0,0,0,0,0,0,0,0,0,0,0,0,0,0,0,0,0,0,0,0,0,0,0,0,0,0,0,0,0,0,0,0,0,0,0,0,0,2,0,1,0,0,0,2,0,0,0,1,0,1,0,0,0,0,0,1,0,0,0,0,0,0,0,7,2,3,3,1,1,0,0,0,2,0,0,1,2,0,0,0,0,0,0,0,0,0,0,0,0,0,0,0,0,0,0,0,46,25,17,8,7,7,10,8,0,7,0,0,9,6,0,0,0,9,9,7,9,0,8,0,0,8,0,0,0,0,0,0,0,1,1,1,1,1,1,1,1,0,1,0,0,1,1,0,0,0,1,1,1,1,0,1,0,0,1,0,0,0,0,0,0,13,1/1
0,0,0,0,2,0,0,0,0,0,0,0,0,0,1,0,0,0,0,0,0,0,0,0,0,0,0,0,0,0,0,0,0,0,2,2,0,0,0,0,0,0,0,0,0,0,0,0,0,0,0,0,0,0,0,0,0,0,0,0,0,0,0,0,0,0,0,5,1,0,1,0,0,0,2,0,2,0,0,0,3,0,0,0,0,0,4,1,0,0,0,0,2,0,0,0,0,0,0,0,0,0,0,0,0,0,0,1,0,0,0,0,0,0,0,0,0,1,0,1,0,0,0,0,0,1,0,0,0,0,0,0,0,7,3,3,3,1,3,0,0,0,2,0,0,1,2,0,0,0,0,0,0,0,0,0,0,0,0,0,0,0,0,0,0,0,46,24,17,8,7,5,10,7,0,6,0,0,9,4,0,0,0,9,9,5,9,0,8,0,0,7,0,0,0,0,0,0,0,1,1,1,1,1,1,1,1,0,1,0,0,1,1,0,0,0,1,1,1,1,0,1,0,0,1,0,0,0,0,0,0,16,1/1
0,0,0,0,2,0,0,0,1,0,1,0,0,0,0,0,0,0,0,0,0,0,0,0,0,0,0,0,0,0,0,0,0,0,7,3,0,1,0,0,0,0,0,0,0,0,0,0,0,0,0,0,0,0,0,0,0,0,0,0,0,0,0,0,0,0,0,0,0,0,0,0,0,0,0,0,0,0,0,0,0,0,0,0,0,0,0,0,0,0,0,0,1,0,0,0,0,0,0,0,0,0,0,0,0,0,0,2,0,2,0,0,0,4,0,0,0,1,0,6,1,0,0,0,0,3,0,0,0,0,0,0,0,7,3,4,3,1,3,0,0,0,2,0,0,1,2,0,0,0,0,0,0,0,0,0,0,0,0,0,0,0,0,0,0,0,46,24,16,8,7,5,10,7,0,5,0,0,9,4,0,0,0,9,9,4,9,0,8,0,0,6,0,0,0,0,0,0,0,1,1,1,1,1,1,1,1,0,1,0,0,1,1,0,0,0,1,1,1,1,0,1,0,0,1,0,0,0,0,0,0,17,1/1
0,10,3,0,3,1,1,0,5,0,3,0,0,0,4,0,0,0,0,0,5,1,0,7,0,0,4,0,0,0,0,0,0,0,0,0,0,0,0,0,0,0,0,0,0,0,0,0,0,0,0,0,0,0,1,0,0,0,0,0,0,0,0,0,0,0,0,0,0,0,0,0,0,0,0,0,0,0,0,0,0,0,0,0,0,0,0,0,0,0,0,0,0,0,0,0,0,0,0,0,0,0,0,0,0,0,0,0,0,0,0,0,0,1,0,0,0,1,0,2,0,0,0,0,0,0,0,0,0,0,0,0,0,7,4,4,4,1,4,0,0,0,2,0,0,1,2,0,0,0,0,0,0,0,0,1,0,0,0,0,0,0,0,0,0,0,43,23,16,7,6,3,10,5,0,5,0,0,9,3,0,0,0,9,9,3,8,0,0,0,0,6,0,0,0,0,0,0,0,1,1,1,1,1,1,1,1,0,1,0,0,1,1,0,0,0,1,1,1,1,0,1,0,0,1,0,0,0,0,0,0,20,1/0
0,0,0,0,0,0,0,0,0,0,0,0,0,0,0,0,0,0,0,0,0,0,0,0,0,0,0,0,0,0,0,0,0,0,1,0,0,0,0,0,0,0,0,0,0,0,0,0,0,0,0,0,0,0,0,0,0,0,0,0,0,0,0,0,0,0,0,0,0,0,0,0,0,0,0,0,0,0,0,0,0,0,0,0,0,0,0,0,0,0,0,0,0,0,0,0,0,0,0,0,0,0,0,0,0,0,0,0,0,1,0,0,0,1,0,0,1,1,0,0,0,0,0,0,0,0,0,0,0,2,0,1,0,7,1,0,1,0,0,0,0,0,1,0,0,0,1,0,0,0,0,0,0,0,0,0,0,0,0,1,0,0,3,0,1,0,46,29,20,8,8,8,7,0,0,8,0,0,0,8,0,10,9,9,0,0,10,0,8,0,0,0,9,0,0,5,0,8,0,1,1,1,1,1,1,1,0,0,1,0,0,0,1,0,1,1,1,0,0,1,0,1,0,0,0,1,0,0,1,0,1,10,1/0
0,1,0,0,0,0,0,0,0,0,1,0,0,0,0,0,0,0,0,0,0,0,0,0,0,0,0,0,0,0,2,0,0,0,0,1,0,0,0,0,0,0,0,0,0,0,0,0,0,0,1,0,0,0,0,0,0,0,0,0,0,0,0,0,0,1,0,0,0,0,0,0,0,0,0,0,0,0,0,0,0,0,0,0,0,0,0,0,0,0,0,0,0,0,0,0,0,0,0,0,0,0,0,0,0,0,0,0,0,0,0,0,0,1,0,0,0,1,0,0,0,0,0,0,0,0,0,0,0,0,0,0,0,7,2,0,1,0,0,0,0,0,1,0,0,0,1,0,0,0,0,0,0,0,0,0,0,0,0,1,0,0,3,0,1,0,46,27,20,8,8,8,7,0,0,8,0,0,0,8,0,10,9,9,0,0,10,0,8,0,0,0,9,0,0,5,0,8,0,1,1,1,1,1,1,1,0,0,1,0,0,0,1,0,1,1,1,0,0,1,0,1,0,0,0,1,0,0,1,0,1,11,1/1
0,0,0,0,0,0,0,0,0,0,0,0,0,0,0,0,0,0,0,0,0,0,0,0,0,0,0,0,0,0,0,0,0,0,0,1,0,0,0,0,0,0,0,0,0,0,0,0,0,0,1,0,0,0,0,0,0,0,0,0,0,0,0,0,0,1,0,1,0,0,0,0,0,0,0,0,1,0,0,0,0,0,0,0,0,0,0,0,0,0,0,0,0,0,0,0,2,0,0,0,0,0,0,0,0,0,0,0,0,0,0,0,0,1,0,0,0,1,0,0,0,0,0,0,0,0,0,0,0,0,0,0,0,7,2,0,1,0,0,0,0,0,1,0,0,0,1,0,0,0,0,0,0,0,0,0,0,0,0,1,0,0,3,0,1,0,46,27,20,8,8,8,7,0,0,8,0,0,0,8,0,10,9,9,0,0,10,0,8,0,0,0,9,0,0,5,0,8,0,1,1,1,1,1,1,1,0,0,1,0,0,0,1,0,1,1,1,0,0,1,0,1,0,0,0,1,0,0,1,0,1,11,1/0
0,0,0,0,0,0,0,0,0,0,0,0,0,0,0,0,0,0,0,0,0,0,0,0,0,0,0,0,0,0,0,0,0,0,0,2,0,0,0,0,0,0,0,0,0,0,0,0,0,0,0,0,0,0,0,0,0,0,0,0,1,0,0,0,0,1,0,0,0,0,0,0,0,0,0,0,1,0,0,0,0,0,0,0,0,0,0,0,0,0,0,0,0,0,0,0,1,0,0,0,0,0,0,0,0,0,0,0,0,1,0,0,0,3,0,0,1,1,0,0,0,0,0,0,0,0,1,0,0,2,0,0,0,7,2,2,1,0,0,6,0,0,1,0,0,0,1,0,0,0,0,0,0,0,0,0,0,0,0,1,0,0,3,0,2,0,46,26,18,8,8,8,0,0,0,7,0,0,0,6,0,10,9,9,0,0,10,0,8,0,0,0,7,0,0,4,0,7,0,1,1,1,1,1,1,1,0,0,1,0,0,0,1,0,1,1,1,0,0,1,0,1,0,0,0,1,0,0,1,0,1,14,1/0
0,0,0,0,0,0,0,0,0,0,0,0,0,0,0,0,0,0,0,0,0,0,0,0,0,0,0,0,0,0,0,0,0,0,0,2,0,0,0,0,0,0,0,0,0,0,0,0,0,0,0,0,0,0,0,0,0,0,0,0,1,0,0,0,0,1,0,0,0,0,0,0,0,0,0,0,1,0,0,0,0,0,0,0,0,0,0,0,0,0,0,0,0,0,0,0,1,0,0,0,0,0,0,0,0,0,0,0,0,1,0,0,0,3,0,0,1,1,0,0,0,0,0,0,0,0,1,0,0,2,0,0,0,7,2,2,1,0,0,6,0,0,1,0,0,0,1,0,0,0,0,0,0,0,0,0,0,0,0,1,0,0,3,0,2,0,46,26,18,8,8,8,0,0,0,7,0,0,0,6,0,10,9,9,0,0,10,0,8,0,0,0,7,0,0,4,0,7,0,1,1,1,1,1,1,1,0,0,1,0,0,0,1,0,1,1,1,0,0,1,0,1,0,0,0,1,0,0,1,0,1,14,1/0
0,0,0,0,0,0,0,0,0,0,0,0,0,0,0,0,0,0,0,0,0,0,0,0,0,0,0,0,0,0,0,0,0,0,0,2,0,0,0,1,0,0,0,1,0,0,0,0,0,0,0,0,0,0,0,0,0,0,0,0,0,0,0,0,0,1,0,0,0,0,0,0,0,0,0,0,0,0,0,0,0,0,0,0,0,0,0,0,0,0,0,0,0,0,0,0,0,0,0,0,0,0,0,0,0,0,0,0,0,1,0,0,0,4,0,0,1,1,0,0,0,0,0,0,0,0,2,0,0,4,0,0,0,7,2,2,1,0,1,6,0,0,1,0,0,0,1,0,0,0,0,0,0,0,0,0,0,0,0,1,0,0,3,0,2,0,46,26,18,8,8,6,0,0,0,7,0,0,0,5,0,10,9,9,0,0,10,0,8,0,0,0,7,0,0,3,0,7,0,1,1,1,1,1,1,1,0,0,1,0,0,0,1,0,1,1,1,0,0,1,0,1,0,0,0,1,0,0,1,0,1,15,1/0
0,0,0,0,0,0,0,0,0,0,0,0,0,0,0,0,0,0,0,0,0,0,0,0,0,0,0,0,0,0,0,0,0,0,0,2,0,0,0,1,0,0,0,1,0,0,0,0,0,0,0,0,0,0,0,0,0,0,0,0,0,0,0,0,0,1,0,0,0,0,0,0,0,0,0,0,0,0,0,0,0,0,0,0,0,0,0,0,0,0,0,0,0,0,0,0,0,0,0,0,0,0,0,0,0,0,0,0,0,1,0,0,0,4,0,0,1,1,0,0,0,0,0,0,0,0,2,0,0,4,0,0,0,7,2,2,1,0,1,6,0,0,1,0,0,0,1,0,0,0,0,0,0,0,0,0,0,0,0,1,0,0,3,0,2,0,46,26,18,8,8,6,0,0,0,7,0,0,0,5,0,10,9,9,0,0,10,0,8,0,0,0,7,0,0,3,0,7,0,1,1,1,1,1,1,1,0,0,1,0,0,0,1,0,1,1,1,0,0,1,0,1,0,0,0,1,0,0,1,0,1,15,1/0
0,0,2,0,0,0,1,0,0,0,2,0,0,0,1,0,0,0,0,0,0,0,0,0,0,0,0,2,0,0,3,0,1,0,0,0,0,0,0,1,0,0,0,0,0,0,0,0,0,0,1,0,0,0,0,0,0,0,0,0,0,0,0,0,0,0,0,0,0,0,0,0,0,0,0,0,0,0,0,0,0,0,0,0,0,0,0,0,0,0,0,0,0,0,0,0,0,0,0,0,0,0,0,0,0,0,0,0,0,0,0,0,0,3,0,0,0,1,0,0,0,0,0,0,0,0,0,0,0,1,0,0,0,7,2,2,0,0,1,5,0,0,1,0,0,0,1,0,0,0,0,0,0,0,0,0,0,0,0,1,0,0,3,0,3,0,46,26,18,8,8,5,0,0,0,7,0,0,0,5,0,10,9,9,0,0,10,0,8,0,0,0,7,0,0,3,0,6,0,1,1,1,1,1,1,1,0,0,1,0,0,0,1,0,1,1,1,0,0,1,0,1,0,0,0,1,0,0,1,0,1,16,1/1
0,0,0,0,0,0,0,0,0,0,0,0,0,0,0,0,0,0,0,0,0,0,0,0,0,0,0,0,0,0,0,0,0,0,0,0,0,0,0,1,0,0,0,0,0,0,0,0,0,0,1,0,0,0,0,0,0,0,0,0,0,0,0,0,0,0,0,0,2,0,0,0,1,0,0,0,2,0,0,0,1,0,0,0,0,0,0,0,0,0,0,0,0,2,0,0,3,0,1,0,0,0,0,0,0,0,0,0,0,0,0,0,0,3,0,0,0,1,0,0,0,0,0,0,0,0,0,0,0,1,0,0,0,7,2,2,0,0,1,5,0,0,1,0,0,0,1,0,0,0,0,0,0,0,0,0,0,0,0,1,0,0,3,0,3,0,46,26,18,8,8,5,0,0,0,7,0,0,0,5,0,10,9,9,0,0,10,0,8,0,0,0,7,0,0,3,0,6,0,1,1,1,1,1,1,1,0,0,1,0,0,0,1,0,1,1,1,0,0,1,0,1,0,0,0,1,0,0,1,0,1,16,1/0
0,0,0,0,0,0,0,0,0,0,0,0,0,0,1,0,0,1,0,0,0,0,0,0,0,0,0,1,0,0,0,0,0,0,0,2,0,0,0,2,0,0,0,1,0,0,0,0,0,0,0,0,0,0,0,0,0,0,0,0,1,0,0,2,0,1,0,0,0,0,0,0,0,0,0,0,0,0,0,0,2,0,0,0,0,0,0,0,0,0,0,0,0,0,0,0,0,0,0,0,0,0,0,0,0,0,0,0,0,2,0,0,0,4,0,0,1,1,0,0,0,0,0,0,0,0,0,0,0,2,0,0,0,4,2,2,0,0,1,5,0,0,1,0,0,0,1,0,0,1,0,0,0,0,0,0,0,0,0,1,0,0,3,0,3,0,46,26,18,8,8,5,0,0,0,6,0,0,0,2,0,10,7,9,0,0,10,0,8,0,0,0,7,0,0,3,0,6,0,1,1,1,1,1,1,1,0,0,1,0,0,0,1,0,1,1,1,0,0,1,0,1,0,0,0,1,0,0,1,0,1,17,1/1
0,0,0,0,0,0,0,0,0,0,0,0,0,0,0,0,0,0,0,0,0,0,0,0,0,0,0,0,0,0,0,0,0,0,0,2,0,0,0,2,0,0,0,1,0,0,0,0,0,0,0,0,0,0,0,0,0,0,0,0,1,0,0,2,0,1,0,0,0,0,0,0,0,0,0,0,0,0,0,0,3,0,0,1,0,0,0,0,0,0,0,0,0,1,0,0,0,0,0,0,0,0,0,0,0,0,0,0,0,2,0,0,0,4,0,0,1,1,0,0,0,0,0,0,0,0,0,0,0,2,0,0,0,4,2,2,0,0,1,5,0,0,1,0,0,0,1,0,0,1,0,0,0,0,0,0,0,0,0,1,0,0,3,0,3,0,46,26,18,8,8,5,0,0,0,6,0,0,0,2,0,10,7,9,0,0,10,0,8,0,0,0,7,0,0,3,0,6,0,1,1,1,1,1,1,1,0,0,1,0,0,0,1,0,1,1,1,0,0,1,0,1,0,0,0,1,0,0,1,0,1,17,1/0
0,0,1,0,0,0,1,0,0,0,3,0,0,0,5,0,0,2,0,0,0,0,0,0,0,0,0,1,0,0,2,0,0,0,0,1,0,0,0,2,0,0,0,0,0,0,0,0,0,0,0,0,0,0,0,0,0,0,0,0,0,0,0,0,0,1,0,0,0,0,0,0,0,0,0,0,0,0,0,0,0,0,0,0,0,0,0,0,0,0,0,0,0,0,0,0,0,0,0,0,0,0,0,0,0,0,0,0,0,0,0,0,0,3,0,0,0,1,0,0,0,0,0,0,0,0,1,0,0,3,0,0,0,3,2,2,0,0,1,3,0,0,1,0,0,0,1,0,0,1,0,0,0,0,0,0,0,0,0,1,0,0,3,0,3,0,46,26,18,8,8,4,0,0,0,6,0,0,0,1,0,10,7,9,0,0,10,0,8,0,0,0,7,0,0,2,0,6,0,1,1,1,1,1,1,1,0,0,1,0,0,0,1,0,1,1,1,0,0,1,0,1,0,0,0,1,0,0,1,0,1,18,1/1
0,0,0,0,0,0,0,0,0,0,0,0,0,0,0,0,0,0,0,0,0,0,0,0,0,0,0,0,0,0,0,0,0,0,0,1,0,0,0,2,0,0,0,0,0,0,0,0,0,0,0,0,0,0,0,0,0,0,0,0,0,0,0,0,0,1,0,0,1,0,0,0,1,0,0,0,3,0,0,0,5,0,0,2,0,0,0,0,0,0,0,0,0,1,0,0,2,0,0,0,0,0,0,0,0,0,0,0,0,0,0,0,0,3,0,0,0,1,0,0,0,0,0,0,0,0,1,0,0,3,0,0,0,3,2,2,0,0,1,3,0,0,1,0,0,0,1,0,0,1,0,0,0,0,0,0,0,0,0,1,0,0,3,0,3,0,46,26,18,8,8,4,0,0,0,6,0,0,0,1,0,10,7,9,0,0,10,0,8,0,0,0,7,0,0,2,0,6,0,1,1,1,1,1,1,1,0,0,1,0,0,0,1,0,1,1,1,0,0,1,0,1,0,0,0,1,0,0,1,0,1,18,1/0
0,0,0,0,0,0,0,0,0,0,1,0,0,0,0,0,0,1,0,0,0,0,0,1,0,0,0,0,0,0,0,0,0,0,1,2,0,3,0,3,0,0,0,0,0,0,0,0,0,0,1,0,0,0,0,0,3,0,0,0,0,0,0,0,0,1,0,0,0,0,0,0,0,0,0,0,0,0,0,0,0,0,0,0,0,0,0,0,0,4,0,0,0,0,0,0,0,0,0,0,0,0,0,0,0,0,0,0,0,4,0,0,0,8,0,0,2,1,0,0,0,0,0,0,0,0,2,0,0,5,0,0,0,1,2,2,0,0,3,1,0,0,1,0,0,0,2,0,0,2,0,0,0,0,0,0,0,0,0,1,0,0,3,0,4,0,45,26,18,5,8,2,0,0,0,4,0,0,0,0,0,10,4,9,0,0,10,0,0,0,0,0,7,0,0,2,0,5,0,1,1,1,1,1,1,1,0,0,1,0,0,0,1,0,1,1,1,0,0,1,0,1,0,0,0,1,0,0,1,0,1,23,1/1
0,0,0,0,0,0,0,0,0,0,0,0,0,0,0,0,0,0,0,0,0,0,0,0,0,0,0,0,0,0,0,0,0,0,1,2,0,3,0,3,0,0,0,0,0,0,0,0,0,0,1,0,0,0,0,0,3,0,0,0,0,0,0,0,0,1,0,0,0,0,0,0,0,0,0,0,1,0,0,0,0,0,0,1,0,0,0,0,0,5,0,0,0,0,0,0,0,0,0,0,0,0,0,0,0,0,0,0,0,4,0,0,0,8,0,0,2,1,0,0,0,0,0,0,0,0,2,0,0,5,0,0,0,1,2,2,0,0,3,1,0,0,1,0,0,0,2,0,0,2,0,0,0,0,0,0,0,0,0,1,0,0,3,0,4,0,45,26,18,5,8,2,0,0,0,4,0,0,0,0,0,10,4,9,0,0,10,0,0,0,0,0,7,0,0,2,0,5,0,1,1,1,1,1,1,1,0,0,1,0,0,0,1,0,1,1,1,0,0,1,0,1,0,0,0,1,0,0,1,0,1,23,1/0
